0.0494965,-0.0361632,0.0375521,0.0494965,0.0356076,0.100052
0.0498611,-0.0365278,0.0379167,0.0498611,0.0359722,0.100417
0.0508507,-0.0375174,0.0389062,0.0508507,0.0369618,0.101406
0.0527778,-0.0394444,0.0408333,0.0527778,0.0388889,0.103333
0.0559549,-0.0426215,0.0440104,0.0559549,0.042066,0.10651
0.0606944,-0.0473611,0.04875,0.0606944,0.0468056,0.11125
0.067309,-0.0539757,0.0553646,0.067309,0.0534201,0.117865
0.0761111,-0.0627778,0.0641667,0.0761111,0.0622222,0.126667
0.0874132,-0.0740799,0.0754688,0.0874132,0.0735243,0.137969
0.101528,-0.0881944,0.0895833,0.101528,0.0876389,0.152083
0.118767,-0.105434,0.106823,0.118767,0.104878,0.169323
0.139444,-0.126111,0.1275,0.139444,0.125556,0.19
0.163872,-0.150538,0.151927,0.163872,0.149983,0.214427
0.192361,-0.179028,0.180417,0.192361,0.178472,0.242917
0.225226,-0.211892,0.213281,0.225226,0.211337,0.275781
0.262778,-0.249444,0.250833,0.262778,0.248889,0.313333
0.30533,-0.291997,0.293385,0.30533,0.291441,0.355885
0.353194,-0.339861,0.34125,0.353194,0.339306,0.40375
0.406684,-0.393351,0.39474,0.406684,0.392795,0.45724
0.466111,-0.452778,0.454167,0.466111,0.452222,0.516667
0.531788,-0.518455,0.519844,0.531788,0.517899,0.582344
0.604028,-0.590694,0.592083,0.604028,0.590139,0.654583
0.683142,-0.669783,0.671197,0.683142,0.669199,0.733698
0.769444,-0.755662,0.757325,0.769444,0.754942,0.82
0.863247,-0.848023,0.850208,0.863247,0.847057,0.913802
0.964861,-0.946553,0.949536,0.964861,0.945231,1.01542
1.07457,-1.05094,1.05499,1.07457,1.04915,1.12516
1.19227,-1.16088,1.16627,1.19227,1.15851,1.24333
1.31766,-1.27604,1.28306,1.31766,1.27298,1.37026
1.45043,-1.39613,1.40503,1.45043,1.39227,1.50625
1.59027,-1.52082,1.53189,1.59027,1.51605,1.65161
1.73685,-1.64981,1.66332,1.73685,1.64402,1.80667
1.88988,-1.78278,1.79901,1.88988,1.77585,1.97172
2.04903,-1.91942,1.93864,2.04903,1.91125,2.14708
2.214,-2.05942,2.0819,2.214,2.04989,2.33307
2.38447,-2.20246,2.22847,2.38447,2.19147,2.53
2.56012,-2.34824,2.37806,2.56012,2.33567,2.73818
2.74066,-2.49643,2.53034,2.74066,2.48218,2.95792
2.92576,-2.64674,2.685,2.92576,2.63068,3.18941
3.11511,-2.79883,2.84173,3.11511,2.78087,3.43243
3.3084,-2.95242,3.00021,3.3084,2.93243,3.68667
3.50532,-3.10717,3.16014,3.50532,3.08505,3.95182
3.70555,-3.26277,3.3212,3.70555,3.23841,4.22755
3.90879,-3.41893,3.48308,3.90879,3.39221,4.51357
4.11471,-3.57531,3.64547,4.11471,3.54615,4.80955
4.32301,-3.73172,3.80805,4.32301,3.70008,5.11519
4.53338,-3.88813,3.97065,4.53338,3.85402,5.43017
4.7455,-4.04454,4.13324,4.7455,4.00795,5.75418
4.95905,-4.20095,4.29584,4.95905,4.16189,6.08691
5.17374,-4.35735,4.45843,5.17374,4.31583,6.42804
5.38923,-4.51376,4.62103,5.38923,4.46976,6.77726
5.60524,-4.67017,4.78362,5.60524,4.6237,7.13426
5.82143,-4.82658,4.94622,5.82143,4.77763,7.49873
6.03763,-4.98299,5.10881,6.03763,4.93157,7.87036
6.25384,-5.13939,5.27141,6.25384,5.0855,8.24882
6.47004,-5.2958,5.434,6.47004,5.23944,8.63382
6.68625,-5.45221,5.5966,6.68625,5.39338,9.02503
6.90245,-5.60862,5.7592,6.90245,5.54731,9.42215
7.11865,-5.76503,5.92179,7.11865,5.70125,9.82486
7.33486,-5.92143,6.08439,7.33486,5.85518,10.2328
7.55106,-6.07784,6.24698,7.55106,6.00912,10.6458
7.76727,-6.23425,6.40958,7.76727,6.16306,11.0634
7.98347,-6.39066,6.57217,7.98347,6.31699,11.4854
8.19968,-6.54707,6.73477,8.19968,6.47093,11.9114
8.41588,-6.70348,6.89736,8.41588,6.62486,12.3411
8.63209,-6.85988,7.05996,8.63209,6.7788,12.7742
8.84829,-7.01629,7.22255,8.84829,6.93274,13.2104
9.06449,-7.1727,7.38515,9.06449,7.08667,13.6493
9.2807,-7.32911,7.54774,9.2807,7.24061,14.0908
9.4969,-7.48552,7.71034,9.4969,7.39454,14.5344
9.71311,-7.64192,7.87293,9.71311,7.54848,14.9798
9.92931,-7.79833,8.03553,9.92931,7.70242,15.4268
10.1455,-7.95474,8.19812,10.1455,7.85635,15.875
10.3617,-8.11115,8.36072,10.3617,8.01029,16.3241
10.5779,-8.26756,8.52331,10.5779,8.16422,16.7737
10.7941,-8.42396,8.68591,10.7941,8.31816,17.2237
11.0103,-8.58037,8.8485,11.0103,8.4721,17.6737
11.2265,-8.73678,9.0111,11.2265,8.62603,18.1237
11.4427,-8.89319,9.17369,11.4427,8.77997,18.5737
11.6589,-9.0496,9.33629,11.6589,8.9339,19.0237
11.8752,-9.206,9.49889,11.8752,9.08784,19.4737
12.0914,-9.36241,9.66148,12.0914,9.24178,19.9237
12.3076,-9.51882,9.82408,12.3076,9.39571,20.3737
12.5238,-9.67523,9.98667,12.5238,9.54965,20.8237
12.74,-9.83164,10.1493,12.74,9.70358,21.2737
12.9562,-9.98804,10.3119,12.9562,9.85752,21.7237
13.1724,-10.1445,10.4745,13.1724,10.0115,22.1737
13.3886,-10.3009,10.6371,13.3886,10.1654,22.6237
13.6048,-10.4573,10.7996,13.6048,10.3193,23.0737
13.821,-10.6137,10.9622,13.821,10.4733,23.5237
14.0372,-10.7701,11.1248,14.0372,10.6272,23.9737
14.2534,-10.9265,11.2874,14.2534,10.7811,24.4237
14.4696,-11.0829,11.45,14.4696,10.9351,24.8737
14.6858,-11.2393,11.6126,14.6858,11.089,25.3237
14.902,-11.3957,11.7752,14.902,11.2429,25.7737
15.1182,-11.5521,11.9378,15.1182,11.3969,26.2237
15.3344,-11.7085,12.1004,15.3344,11.5508,26.6737
15.5506,-11.8649,12.263,15.5506,11.7048,27.1237
15.7668,-12.0213,12.4256,15.7668,11.8587,27.5737
15.983,-12.1778,12.5882,15.983,12.0126,28.0237
16.1992,-12.3342,12.7508,16.1992,12.1666,28.4737
16.4154,-12.4906,12.9134,16.4154,12.3205,28.9237
16.6316,-12.647,13.076,16.6316,12.4744,29.3737
16.8479,-12.8034,13.2386,16.8479,12.6284,29.8237
17.0641,-12.9598,13.4012,17.0641,12.7823,30.2737
17.2803,-13.1162,13.5638,17.2803,12.9362,30.7237
17.4965,-13.2726,13.7264,17.4965,13.0902,31.1737
17.7127,-13.429,13.889,17.7127,13.2441,31.6237
17.9289,-13.5854,14.0516,17.9289,13.398,32.0737
18.1451,-13.7418,14.2141,18.1451,13.552,32.5237
18.3613,-13.8982,14.3767,18.3613,13.7059,32.9737
18.5775,-14.0547,14.5393,18.5775,13.8599,33.4237
18.7937,-14.2111,14.7019,18.7937,14.0138,33.8737
19.0099,-14.3675,14.8645,19.0099,14.1677,34.3237
19.2261,-14.5239,15.0271,19.2261,14.3217,34.7737
19.4423,-14.6803,15.1897,19.4423,14.4756,35.2237
19.6585,-14.8367,15.3523,19.6585,14.6295,35.6737
19.8747,-14.9931,15.5149,19.8747,14.7835,36.1237
20.0909,-15.1495,15.6775,20.0909,14.9374,36.5737
20.3071,-15.3059,15.8401,20.3071,15.0913,37.0237
20.5233,-15.4623,16.0027,20.5233,15.2453,37.4737
20.7395,-15.6187,16.1653,20.7395,15.3992,37.9237
20.9557,-15.7751,16.3279,20.9557,15.5532,38.3737
21.1719,-15.9315,16.4905,21.1719,15.7071,38.8237
21.3881,-16.088,16.6531,21.3881,15.861,39.2737
21.6044,-16.2444,16.8157,21.6044,16.015,39.7237
21.8206,-16.4008,16.9783,21.8206,16.1689,40.1737
22.0368,-16.5572,17.1409,22.0368,16.3228,40.6237
22.253,-16.7136,17.3035,22.253,16.4768,41.0737
22.4692,-16.87,17.4661,22.4692,16.6307,41.5237
22.6854,-17.0264,17.6286,22.6854,16.7846,41.9737
22.9016,-17.1828,17.7912,22.9016,16.9386,42.4237
23.1178,-17.3392,17.9538,23.1178,17.0925,42.8737
23.334,-17.4956,18.1164,23.334,17.2464,43.3237
23.5502,-17.652,18.279,23.5502,17.4004,43.7737
23.7664,-17.8084,18.4416,23.7664,17.5543,44.2237
23.9826,-17.9649,18.6042,23.9826,17.7083,44.6737
24.1988,-18.1213,18.7668,24.1988,17.8622,45.1237
24.415,-18.2777,18.9294,24.415,18.0161,45.5737
24.6312,-18.4341,19.092,24.6312,18.1701,46.0237
24.8474,-18.5905,19.2546,24.8474,18.324,46.4737
25.0636,-18.7469,19.4172,25.0636,18.4779,46.9237
25.2798,-18.9033,19.5798,25.2798,18.6319,47.3737
25.496,-19.0597,19.7424,25.496,18.7858,47.8237
25.7122,-19.2161,19.905,25.7122,18.9397,48.2737
25.9284,-19.3725,20.0676,25.9284,19.0937,48.7237
26.1446,-19.5289,20.2302,26.1446,19.2476,49.1737
26.3608,-19.6853,20.3928,26.3608,19.4016,49.6237
26.5771,-19.8418,20.5554,26.5771,19.5555,50.0737
26.7933,-19.9982,20.718,26.7933,19.7094,50.5237
27.0095,-20.1546,20.8806,27.0095,19.8634,50.9737
27.2257,-20.311,21.0431,27.2257,20.0173,51.4237
27.4419,-20.4674,21.2057,27.4419,20.1712,51.8737
27.6581,-20.6238,21.3683,27.6581,20.3252,52.3237
27.8743,-20.7802,21.5309,27.8743,20.4791,52.7737
28.0905,-20.9366,21.6935,28.0905,20.633,53.2237
28.3067,-21.093,21.8561,28.3067,20.787,53.6737
28.5229,-21.2494,22.0187,28.5229,20.9409,54.1237
28.7391,-21.4058,22.1813,28.7391,21.0948,54.5737
28.9553,-21.5622,22.3439,28.9553,21.2488,55.0237
29.1715,-21.7186,22.5065,29.1715,21.4027,55.4737
29.3877,-21.8751,22.6691,29.3877,21.5567,55.9237
29.6039,-22.0315,22.8317,29.6039,21.7106,56.3737
29.8201,-22.1879,22.9943,29.8201,21.8645,56.8237
30.0363,-22.3443,23.1569,30.0363,22.0185,57.2737
30.2525,-22.5007,23.3195,30.2525,22.1724,57.7237
30.4687,-22.6571,23.4821,30.4687,22.3263,58.1737
30.6849,-22.8135,23.6447,30.6849,22.4803,58.6237
30.9011,-22.9699,23.8073,30.9011,22.6342,59.0737
31.1173,-23.1263,23.9699,31.1173,22.7881,59.5237
31.3336,-23.2827,24.1325,31.3336,22.9421,59.9737
31.5498,-23.4391,24.2951,31.5498,23.096,60.4237
31.766,-23.5955,24.4576,31.766,23.25,60.8737
31.9822,-23.752,24.6202,31.9822,23.4039,61.3237
32.1984,-23.9084,24.7828,32.1984,23.5578,61.7737
32.4146,-24.0648,24.9454,32.4146,23.7118,62.2237
32.6308,-24.2212,25.108,32.6308,23.8657,62.6737
32.847,-24.3776,25.2706,32.847,24.0196,63.1237
33.0632,-24.534,25.4332,33.0632,24.1736,63.5737
33.2794,-24.6904,25.5958,33.2794,24.3275,64.0237
33.4956,-24.8468,25.7584,33.4956,24.4814,64.4737
33.7118,-25.0032,25.921,33.7118,24.6354,64.9237
33.928,-25.1596,26.0836,33.928,24.7893,65.3737
34.1442,-25.316,26.2462,34.1442,24.9432,65.8237
34.3604,-25.4724,26.4088,34.3604,25.0972,66.2737
34.5766,-25.6288,26.5714,34.5766,25.2511,66.7237
34.7928,-25.7853,26.734,34.7928,25.4051,67.1737
35.009,-25.9417,26.8966,35.009,25.559,67.6237
35.2252,-26.0981,27.0592,35.2252,25.7129,68.0737
35.4414,-26.2545,27.2218,35.4414,25.8669,68.5237
35.6576,-26.4109,27.3844,35.6576,26.0208,68.9737
35.8738,-26.5673,27.547,35.8738,26.1747,69.4237
36.09,-26.7237,27.7096,36.09,26.3287,69.8737
36.3063,-26.8801,27.8721,36.3063,26.4826,70.3237
36.5225,-27.0365,28.0347,36.5225,26.6365,70.7737
36.7387,-27.1929,28.1973,36.7387,26.7905,71.2237
36.9549,-27.3493,28.3599,36.9549,26.9444,71.6737
37.1711,-27.5057,28.5225,37.1711,27.0984,72.1237
37.3873,-27.6622,28.6851,37.3873,27.2523,72.5737
37.6035,-27.8186,28.8477,37.6035,27.4062,73.0237
37.8197,-27.975,29.0103,37.8197,27.5602,73.4737
38.0359,-28.1314,29.1729,38.0359,27.7141,73.9237
38.2521,-28.2878,29.3355,38.2521,27.868,74.3737
38.4683,-28.4442,29.4981,38.4683,28.022,74.8237
38.6845,-28.6006,29.6607,38.6845,28.1759,75.2737
38.9007,-28.757,29.8233,38.9007,28.3298,75.7237
39.1169,-28.9134,29.9859,39.1169,28.4838,76.1737
39.3331,-29.0698,30.1485,39.3331,28.6377,76.6237
39.5493,-29.2262,30.3111,39.5493,28.7916,77.0737
39.7655,-29.3826,30.4737,39.7655,28.9456,77.5237
39.9817,-29.539,30.6363,39.9817,29.0995,77.9737
40.1979,-29.6955,30.7989,40.1979,29.2535,78.4237
40.4141,-29.8519,30.9615,40.4141,29.4074,78.8737
40.6303,-30.0083,31.124,40.6303,29.5613,79.3237
40.8465,-30.1647,31.2866,40.8465,29.7153,79.7737
41.0627,-30.3211,31.4492,41.0627,29.8692,80.2237
41.279,-30.4775,31.6118,41.279,30.0231,80.6737
41.4952,-30.6339,31.7744,41.4952,30.1771,81.1237
41.7114,-30.7903,31.937,41.7114,30.331,81.5737
41.9276,-30.9467,32.0996,41.9276,30.4849,82.0237
42.1438,-31.1031,32.2622,42.1438,30.6389,82.4737
42.36,-31.2595,32.4248,42.36,30.7928,82.9237
42.5762,-31.4159,32.5874,42.5762,30.9468,83.3737
42.7924,-31.5724,32.75,42.7924,31.1007,83.8237
43.0086,-31.7288,32.9126,43.0086,31.2546,84.2737
43.2248,-31.8852,33.0752,43.2248,31.4086,84.7237
43.441,-32.0416,33.2378,43.441,31.5625,85.1737
43.6572,-32.198,33.4004,43.6572,31.7164,85.6237
43.8734,-32.3544,33.563,43.8734,31.8704,86.0737
44.0896,-32.5108,33.7256,44.0896,32.0243,86.5237
44.3058,-32.6672,33.8882,44.3058,32.1782,86.9737
44.522,-32.8236,34.0508,44.522,32.3322,87.4237
44.7382,-32.98,34.2134,44.7382,32.4861,87.8737
44.9544,-33.1364,34.376,44.9544,32.64,88.3237
45.1706,-33.2928,34.5385,45.1706,32.794,88.7737
45.3868,-33.4492,34.7011,45.3868,32.9479,89.2237
45.603,-33.6057,34.8637,45.603,33.1019,89.6737
45.8192,-33.7621,35.0263,45.8192,33.2558,90.1237
46.0355,-33.9185,35.1889,46.0355,33.4097,90.5737
46.2517,-34.0749,35.3515,46.2517,33.5637,91.0237
46.4679,-34.2313,35.5141,46.4679,33.7176,91.4737
46.6841,-34.3877,35.6767,46.6841,33.8715,91.9237
46.9003,-34.5441,35.8393,46.9003,34.0255,92.3737
47.1165,-34.7005,36.0019,47.1165,34.1794,92.8237
47.3327,-34.8569,36.1645,47.3327,34.3333,93.2737
47.5489,-35.0133,36.3271,47.5489,34.4873,93.7237
47.7651,-35.1697,36.4897,47.7651,34.6412,94.1737
47.9813,-35.3261,36.6523,47.9813,34.7952,94.6237
48.1975,-35.4826,36.8149,48.1975,34.9491,95.0737
48.4137,-35.639,36.9775,48.4137,35.103,95.5237
48.6299,-35.7954,37.1401,48.6299,35.257,95.9737
48.8461,-35.9518,37.3027,48.8461,35.4109,96.4237
49.0623,-36.1082,37.4653,49.0623,35.5648,96.8737
49.2785,-36.2646,37.6279,49.2785,35.7188,97.3237
49.4947,-36.421,37.7905,49.4947,35.8727,97.7737
49.7109,-36.5774,37.953,49.7109,36.0266,98.2237
49.9271,-36.7338,38.1156,49.9271,36.1806,98.6737
50.1433,-36.8902,38.2782,50.1433,36.3345,99.1237
50.3595,-37.0466,38.4408,50.3595,36.4884,99.5737
50.5757,-37.203,38.6034,50.5757,36.6424,100.024
50.7919,-37.3594,38.766,50.7919,36.7963,100.474
51.0082,-37.5159,38.9286,51.0082,36.9503,100.924
51.2244,-37.6723,39.0912,51.2244,37.1042,101.374
51.4406,-37.8287,39.2538,51.4406,37.2581,101.824
51.6568,-37.9851,39.4164,51.6568,37.4121,102.274
51.873,-38.1415,39.579,51.873,37.566,102.724
52.0892,-38.2979,39.7416,52.0892,37.7199,103.174
52.3054,-38.4543,39.9042,52.3054,37.8739,103.624
52.5216,-38.6107,40.0668,52.5216,38.0278,104.074
52.7378,-38.7671,40.2294,52.7378,38.1817,104.524
52.954,-38.9235,40.392,52.954,38.3357,104.974
53.1702,-39.0799,40.5546,53.1702,38.4896,105.424
53.3864,-39.2363,40.7172,53.3864,38.6436,105.874
53.6026,-39.3928,40.8798,53.6026,38.7975,106.324
53.8188,-39.5492,41.0424,53.8188,38.9514,106.774
54.035,-39.7056,41.205,54.035,39.1054,107.224
54.2512,-39.862,41.3675,54.2512,39.2593,107.674
54.4674,-40.0184,41.5301,54.4674,39.4132,108.124
54.6836,-40.1748,41.6927,54.6836,39.5672,108.574
54.8998,-40.3312,41.8553,54.8998,39.7211,109.024
55.116,-40.4876,42.0179,55.116,39.875,109.474
55.3322,-40.644,42.1805,55.3322,40.029,109.924
55.5484,-40.8004,42.3431,55.5484,40.1829,110.374
55.7647,-40.9568,42.5057,55.7647,40.3368,110.824
55.9809,-41.1132,42.6683,55.9809,40.4908,111.274
56.1971,-41.2697,42.8309,56.1971,40.6447,111.724
56.4133,-41.4261,42.9935,56.4133,40.7987,112.174
56.6295,-41.5825,43.1561,56.6295,40.9526,112.624
56.8457,-41.7389,43.3187,56.8457,41.1065,113.074
57.0619,-41.8953,43.4813,57.0619,41.2605,113.524
57.2781,-42.0517,43.6439,57.2781,41.4144,113.974
57.4943,-42.2081,43.8065,57.4943,41.5683,114.424
57.7105,-42.3645,43.9691,57.7105,41.7223,114.874
57.9267,-42.5209,44.1317,57.9267,41.8762,115.324
58.1429,-42.6773,44.2943,58.1429,42.0301,115.774
58.3591,-42.8337,44.4569,58.3591,42.1841,116.224
58.5753,-42.9901,44.6195,58.5753,42.338,116.674
58.7915,-43.1465,44.782,58.7915,42.492,117.124
59.0077,-43.303,44.9446,59.0077,42.6459,117.574
59.2239,-43.4594,45.1072,59.2239,42.7998,118.024
59.4401,-43.6158,45.2698,59.4401,42.9538,118.474
59.6563,-43.7722,45.4324,59.6563,43.1077,118.924
59.8725,-43.9286,45.595,59.8725,43.2616,119.374
60.0887,-44.085,45.7576,60.0887,43.4156,119.824
60.3049,-44.2414,45.9202,60.3049,43.5695,120.274
60.5211,-44.3978,46.0828,60.5211,43.7234,120.724
60.7374,-44.5542,46.2454,60.7374,43.8774,121.174
60.9536,-44.7106,46.408,60.9536,44.0313,121.624
61.1698,-44.867,46.5706,61.1698,44.1852,122.074
61.386,-45.0234,46.7332,61.386,44.3392,122.524
61.6022,-45.1799,46.8958,61.6022,44.4931,122.974
61.8184,-45.3363,47.0584,61.8184,44.6471,123.424
62.0346,-45.4927,47.221,62.0346,44.801,123.874
62.2508,-45.6491,47.3836,62.2508,44.9549,124.324
62.467,-45.8055,47.5462,62.467,45.1089,124.774
62.6832,-45.9619,47.7088,62.6832,45.2628,125.224
62.8994,-46.1183,47.8714,62.8994,45.4167,125.674
63.1156,-46.2747,48.034,63.1156,45.5707,126.124
63.3318,-46.4311,48.1965,63.3318,45.7246,126.574
63.548,-46.5875,48.3591,63.548,45.8785,127.024
63.7642,-46.7439,48.5217,63.7642,46.0325,127.474
63.9804,-46.9003,48.6843,63.9804,46.1864,127.924
64.1966,-47.0567,48.8469,64.1966,46.3404,128.374
64.4128,-47.2132,49.0095,64.4128,46.4943,128.824
64.629,-47.3696,49.1721,64.629,46.6482,129.274
64.8452,-47.526,49.3347,64.8452,46.8022,129.724
65.0614,-47.6824,49.4973,65.0614,46.9561,130.174
65.2776,-47.8388,49.6599,65.2776,47.11,130.624
65.4938,-47.9952,49.8225,65.4938,47.264,131.074
65.7101,-48.1516,49.9851,65.7101,47.4179,131.524
65.9263,-48.308,50.1477,65.9263,47.5718,131.974
66.1425,-48.4644,50.3103,66.1425,47.7258,132.424
66.3587,-48.6208,50.4729,66.3587,47.8797,132.874
66.5749,-48.7772,50.6355,66.5749,48.0336,133.324
66.7911,-48.9336,50.7981,66.7911,48.1876,133.774
67.0073,-49.0901,50.9607,67.0073,48.3415,134.224
67.2235,-49.2465,51.1233,67.2235,48.4955,134.674
67.4397,-49.4029,51.2859,67.4397,48.6494,135.124
67.6559,-49.5593,51.4485,67.6559,48.8033,135.574
67.8721,-49.7157,51.611,67.8721,48.9573,136.024
68.0883,-49.8721,51.7736,68.0883,49.1112,136.474
68.3045,-50.0285,51.9362,68.3045,49.2651,136.924
68.5207,-50.1849,52.0988,68.5207,49.4191,137.374
68.7369,-50.3413,52.2614,68.7369,49.573,137.824
68.9531,-50.4977,52.424,68.9531,49.7269,138.274
69.1693,-50.6541,52.5866,69.1693,49.8809,138.724
69.3855,-50.8105,52.7492,69.3855,50.0348,139.174
69.6017,-50.9669,52.9118,69.6017,50.1888,139.624
69.8179,-51.1234,53.0744,69.8179,50.3427,140.074
70.0341,-51.2798,53.237,70.0341,50.4966,140.524
70.2503,-51.4362,53.3996,70.2503,50.6506,140.974
70.4666,-51.5926,53.5622,70.4666,50.8045,141.424
70.6828,-51.749,53.7248,70.6828,50.9584,141.874
70.899,-51.9054,53.8874,70.899,51.1124,142.324
71.1152,-52.0618,54.05,71.1152,51.2663,142.774
71.3314,-52.2182,54.2126,71.3314,51.4202,143.224
71.5476,-52.3746,54.3752,71.5476,51.5742,143.674
71.7638,-52.531,54.5378,71.7638,51.7281,144.124
71.98,-52.6874,54.7004,71.98,51.882,144.574
72.1962,-52.8438,54.863,72.1962,52.036,145.024
72.4124,-53.0003,55.0255,72.4124,52.1899,145.474
72.6286,-53.1567,55.1881,72.6286,52.3439,145.924
72.8448,-53.3131,55.3507,72.8448,52.4978,146.374
73.061,-53.4695,55.5133,73.061,52.6517,146.824
73.2772,-53.6259,55.6759,73.2772,52.8057,147.274
73.4934,-53.7823,55.8385,73.4934,52.9596,147.724
73.7096,-53.9387,56.0011,73.7096,53.1135,148.174
73.9258,-54.0951,56.1637,73.9258,53.2675,148.624
74.142,-54.2515,56.3263,74.142,53.4214,149.074
74.3582,-54.4079,56.4889,74.3582,53.5753,149.524
74.5744,-54.5643,56.6515,74.5744,53.7293,149.974
74.7906,-54.7207,56.8141,74.7906,53.8832,150.424
75.0068,-54.8771,56.9767,75.0068,54.0371,150.874
75.223,-55.0336,57.1393,75.223,54.1911,151.324
75.4393,-55.19,57.3019,75.4393,54.345,151.774
75.6555,-55.3464,57.4645,75.6555,54.499,152.224
75.8717,-55.5028,57.6271,75.8717,54.6529,152.674
76.0879,-55.6592,57.7897,76.0879,54.8068,153.124
76.3041,-55.8156,57.9523,76.3041,54.9608,153.574
76.5203,-55.972,58.1149,76.5203,55.1147,154.024
76.7365,-56.1284,58.2775,76.7365,55.2686,154.474
76.9527,-56.2848,58.44,76.9527,55.4226,154.924
77.1689,-56.4412,58.6026,77.1689,55.5765,155.374
77.3851,-56.5976,58.7652,77.3851,55.7304,155.824
77.6013,-56.754,58.9278,77.6013,55.8844,156.274
77.8175,-56.9105,59.0904,77.8175,56.0383,156.724
78.0337,-57.0669,59.253,78.0337,56.1923,157.174
78.2499,-57.2233,59.4156,78.2499,56.3462,157.624
78.4661,-57.3797,59.5782,78.4661,56.5001,158.074
78.6823,-57.5361,59.7408,78.6823,56.6541,158.524
78.8985,-57.6925,59.9034,78.8985,56.808,158.974
79.1147,-57.8489,60.066,79.1147,56.9619,159.424
79.3309,-58.0053,60.2286,79.3309,57.1159,159.874
79.5471,-58.1617,60.3912,79.5471,57.2698,160.324
79.7633,-58.3181,60.5538,79.7633,57.4237,160.774
79.9795,-58.4745,60.7164,79.9795,57.5777,161.224
80.1958,-58.6309,60.879,80.1958,57.7316,161.674
80.412,-58.7874,61.0416,80.412,57.8855,162.124
80.6282,-58.9438,61.2042,80.6282,58.0395,162.574
80.8444,-59.1002,61.3668,80.8444,58.1934,163.024
81.0606,-59.2566,61.5294,81.0606,58.3474,163.474
81.2768,-59.413,61.692,81.2768,58.5013,163.924
81.493,-59.5694,61.8545,81.493,58.6552,164.374
81.7092,-59.7258,62.0171,81.7092,58.8092,164.824
81.9254,-59.8822,62.1797,81.9254,58.9631,165.274
82.1416,-60.0386,62.3423,82.1416,59.117,165.724
82.3578,-60.195,62.5049,82.3578,59.271,166.174
82.574,-60.3514,62.6675,82.574,59.4249,166.624
82.7902,-60.5078,62.8301,82.7902,59.5788,167.074
83.0064,-60.6642,62.9927,83.0064,59.7328,167.524
83.2226,-60.8207,63.1553,83.2226,59.8867,167.974
83.4388,-60.9771,63.3179,83.4388,60.0407,168.424
83.655,-61.1335,63.4805,83.655,60.1946,168.874
83.8712,-61.2899,63.6431,83.8712,60.3485,169.324
84.0874,-61.4463,63.8057,84.0874,60.5025,169.774
84.3036,-61.6027,63.9683,84.3036,60.6564,170.224
84.5198,-61.7591,64.1309,84.5198,60.8103,170.674
84.736,-61.9155,64.2935,84.736,60.9643,171.124
84.9522,-62.0719,64.4561,84.9522,61.1182,171.574
85.1685,-62.2283,64.6187,85.1685,61.2721,172.024
85.3847,-62.3847,64.7813,85.3847,61.4261,172.474
85.6009,-62.5411,64.9439,85.6009,61.58,172.924
85.8171,-62.6976,65.1065,85.8171,61.7339,173.374
86.0333,-62.854,65.269,86.0333,61.8879,173.824
86.2495,-63.0104,65.4316,86.2495,62.0418,174.274
86.4657,-63.1668,65.5942,86.4657,62.1958,174.724
86.6819,-63.3232,65.7568,86.6819,62.3497,175.174
86.8981,-63.4796,65.9194,86.8981,62.5036,175.624
87.1143,-63.636,66.082,87.1143,62.6576,176.074
87.3305,-63.7924,66.2446,87.3305,62.8115,176.524
87.5467,-63.9488,66.4072,87.5467,62.9654,176.974
87.7629,-64.1052,66.5698,87.7629,63.1194,177.424
87.9791,-64.2616,66.7324,87.9791,63.2733,177.874
88.1953,-64.418,66.895,88.1953,63.4272,178.324
88.4115,-64.5744,67.0576,88.4115,63.5812,178.774
88.6277,-64.7309,67.2202,88.6277,63.7351,179.224
88.8439,-64.8873,67.3828,88.8439,63.8891,179.674
89.0601,-65.0437,67.5454,89.0601,64.043,180.124
89.2763,-65.2001,67.708,89.2763,64.1969,180.574
89.4925,-65.3565,67.8706,89.4925,64.3509,181.024
89.7087,-65.5129,68.0332,89.7087,64.5048,181.474
89.9249,-65.6693,68.1958,89.9249,64.6587,181.924
90.1412,-65.8257,68.3584,90.1412,64.8127,182.374
90.3574,-65.9821,68.521,90.3574,64.9666,182.824
90.5736,-66.1385,68.6835,90.5736,65.1205,183.274
90.7898,-66.2949,68.8461,90.7898,65.2745,183.724
91.006,-66.4513,69.0087,91.006,65.4284,184.174
91.2222,-66.6078,69.1713,91.2222,65.5823,184.624
91.4384,-66.7642,69.3339,91.4384,65.7363,185.074
91.6546,-66.9206,69.4965,91.6546,65.8902,185.524
91.8708,-67.077,69.6591,91.8708,66.0442,185.974
92.087,-67.2334,69.8217,92.087,66.1981,186.424
92.3032,-67.3898,69.9843,92.3032,66.352,186.874
92.5194,-67.5462,70.1469,92.5194,66.506,187.324
92.7356,-67.7026,70.3095,92.7356,66.6599,187.774
92.9518,-67.859,70.4721,92.9518,66.8138,188.224
93.168,-68.0154,70.6347,93.168,66.9678,188.674
93.3842,-68.1718,70.7973,93.3842,67.1217,189.124
93.6004,-68.3282,70.9599,93.6004,67.2756,189.574
93.8166,-68.4846,71.1225,93.8166,67.4296,190.024
94.0328,-68.6411,71.2851,94.0328,67.5835,190.474
94.249,-68.7975,71.4477,94.249,67.7375,190.924
94.4652,-68.9539,71.6103,94.4652,67.8914,191.374
94.6814,-69.1103,71.7729,94.6814,68.0453,191.824
94.8977,-69.2667,71.9355,94.8977,68.1993,192.274
95.1139,-69.4231,72.098,95.1139,68.3532,192.724
95.3301,-69.5795,72.2606,95.3301,68.5071,193.174
95.5463,-69.7359,72.4232,95.5463,68.6611,193.624
95.7625,-69.8923,72.5858,95.7625,68.815,194.074
95.9787,-70.0487,72.7484,95.9787,68.9689,194.524
96.1949,-70.2051,72.911,96.1949,69.1229,194.974
96.4111,-70.3615,73.0736,96.4111,69.2768,195.424
96.6273,-70.518,73.2362,96.6273,69.4307,195.874
96.8435,-70.6744,73.3988,96.8435,69.5847,196.324
97.0597,-70.8308,73.5614,97.0597,69.7386,196.774
97.2759,-70.9872,73.724,97.2759,69.8926,197.224
97.4921,-71.1436,73.8866,97.4921,70.0465,197.674
97.7083,-71.3,74.0492,97.7083,70.2004,198.124
97.9245,-71.4564,74.2118,97.9245,70.3544,198.574
98.1407,-71.6128,74.3744,98.1407,70.5083,199.024
98.3569,-71.7692,74.537,98.3569,70.6622,199.474
98.5731,-71.9256,74.6996,98.5731,70.8162,199.924
98.7893,-72.082,74.8622,98.7893,70.9701,200.374
99.0055,-72.2384,75.0248,99.0055,71.124,200.824
99.2217,-72.3948,75.1874,99.2217,71.278,201.274
99.4379,-72.5513,75.35,99.4379,71.4319,201.724
99.6541,-72.7077,75.5125,99.6541,71.5859,202.174
99.8704,-72.8641,75.6751,99.8704,71.7398,202.624
100.087,-73.0205,75.8377,100.087,71.8937,203.074
100.303,-73.1769,76.0003,100.303,72.0477,203.524
100.519,-73.3333,76.1629,100.519,72.2016,203.974
100.735,-73.4897,76.3255,100.735,72.3555,204.424
100.951,-73.6461,76.4881,100.951,72.5095,204.874
101.168,-73.8025,76.6507,101.168,72.6634,205.324
101.384,-73.9589,76.8133,101.384,72.8173,205.774
101.6,-74.1153,76.9759,101.6,72.9713,206.224
101.816,-74.2717,77.1385,101.816,73.1252,206.674
102.032,-74.4282,77.3011,102.032,73.2791,207.124
102.249,-74.5846,77.4637,102.249,73.4331,207.574
102.465,-74.741,77.6263,102.465,73.587,208.024
102.681,-74.8974,77.7889,102.681,73.741,208.474
102.897,-75.0538,77.9515,102.897,73.8949,208.924
103.113,-75.2102,78.1141,103.113,74.0488,209.374
103.33,-75.3666,78.2767,103.33,74.2028,209.824
103.546,-75.523,78.4393,103.546,74.3567,210.274
103.762,-75.6794,78.6019,103.762,74.5106,210.724
103.978,-75.8358,78.7645,103.978,74.6646,211.174
104.194,-75.9922,78.927,104.194,74.8185,211.624
104.411,-76.1486,79.0896,104.411,74.9724,212.074
104.627,-76.3051,79.2522,104.627,75.1264,212.524
104.843,-76.4615,79.4148,104.843,75.2803,212.974
105.059,-76.6179,79.5774,105.059,75.4343,213.424
105.275,-76.7743,79.74,105.275,75.5882,213.874
105.492,-76.9307,79.9026,105.492,75.7421,214.324
105.708,-77.0871,80.0652,105.708,75.8961,214.774
105.924,-77.2435,80.2278,105.924,76.05,215.224
106.14,-77.3999,80.3904,106.14,76.2039,215.674
106.356,-77.5563,80.553,106.356,76.3579,216.124
106.573,-77.7127,80.7156,106.573,76.5118,216.574
106.789,-77.8691,80.8782,106.789,76.6657,217.024
107.005,-78.0255,81.0408,107.005,76.8197,217.474
107.221,-78.1819,81.2034,107.221,76.9736,217.924
107.438,-78.3384,81.366,107.438,77.1275,218.374
107.654,-78.4948,81.5286,107.654,77.2815,218.824
107.87,-78.6512,81.6912,107.87,77.4354,219.274
108.086,-78.8076,81.8538,108.086,77.5894,219.724
108.302,-78.964,82.0164,108.302,77.7433,220.174
108.519,-79.1204,82.1789,108.519,77.8972,220.624
108.735,-79.2768,82.3415,108.735,78.0512,221.074
108.951,-79.4332,82.5041,108.951,78.2051,221.524
109.167,-79.5896,82.6667,109.167,78.359,221.974
109.383,-79.746,82.8293,109.383,78.513,222.424
109.6,-79.9024,82.9919,109.6,78.6669,222.874
109.816,-80.0588,83.1545,109.816,78.8208,223.324
110.032,-80.2153,83.3171,110.032,78.9748,223.774
110.248,-80.3717,83.4797,110.248,79.1287,224.224
110.464,-80.5281,83.6423,110.464,79.2827,224.674
110.681,-80.6845,83.8049,110.681,79.4366,225.124
110.897,-80.8409,83.9675,110.897,79.5905,225.574
111.113,-80.9973,84.1301,111.113,79.7445,226.024
111.329,-81.1537,84.2927,111.329,79.8984,226.474
111.545,-81.3101,84.4553,111.545,80.0523,226.924
111.762,-81.4665,84.6179,111.762,80.2063,227.374
111.978,-81.6229,84.7805,111.978,80.3602,227.824
112.194,-81.7793,84.9431,112.194,80.5141,228.274
112.41,-81.9357,85.1057,112.41,80.6681,228.724
112.626,-82.0921,85.2683,112.626,80.822,229.174
112.843,-82.2486,85.4309,112.843,80.9759,229.624
113.059,-82.405,85.5934,113.059,81.1299,230.074
113.275,-82.5614,85.756,113.275,81.2838,230.524
113.491,-82.7178,85.9186,113.491,81.4378,230.974
113.707,-82.8742,86.0812,113.707,81.5917,231.424
113.924,-83.0306,86.2438,113.924,81.7456,231.874
114.14,-83.187,86.4064,114.14,81.8996,232.324
114.356,-83.3434,86.569,114.356,82.0535,232.774
114.572,-83.4998,86.7316,114.572,82.2074,233.224
114.788,-83.6562,86.8942,114.788,82.3614,233.674
115.005,-83.8126,87.0568,115.005,82.5153,234.124
115.221,-83.969,87.2194,115.221,82.6692,234.574
115.437,-84.1255,87.382,115.437,82.8232,235.024
115.653,-84.2819,87.5446,115.653,82.9771,235.474
115.869,-84.4383,87.7072,115.869,83.1311,235.924
116.086,-84.5947,87.8698,116.086,83.285,236.374
116.302,-84.7511,88.0324,116.302,83.4389,236.824
116.518,-84.9075,88.195,116.518,83.5929,237.274
116.734,-85.0639,88.3576,116.734,83.7468,237.724
116.951,-85.2203,88.5202,116.951,83.9007,238.174
117.167,-85.3767,88.6828,117.167,84.0547,238.624
117.383,-85.5331,88.8454,117.383,84.2086,239.074
117.599,-85.6895,89.0079,117.599,84.3625,239.524
117.815,-85.8459,89.1705,117.815,84.5165,239.974
118.032,-86.0023,89.3331,118.032,84.6704,240.424
118.248,-86.1588,89.4957,118.248,84.8243,240.874
118.464,-86.3152,89.6583,118.464,84.9783,241.324
118.68,-86.4716,89.8209,118.68,85.1322,241.774
118.896,-86.628,89.9835,118.896,85.2862,242.224
119.113,-86.7844,90.1461,119.113,85.4401,242.674
119.329,-86.9408,90.3087,119.329,85.594,243.124
119.545,-87.0972,90.4713,119.545,85.748,243.574
119.761,-87.2536,90.6339,119.761,85.9019,244.024
119.977,-87.41,90.7965,119.977,86.0558,244.474
120.194,-87.5664,90.9591,120.194,86.2098,244.924
120.41,-87.7228,91.1217,120.41,86.3637,245.374
120.626,-87.8792,91.2843,120.626,86.5176,245.824
120.842,-88.0357,91.4469,120.842,86.6716,246.274
121.058,-88.1921,91.6095,121.058,86.8255,246.724
121.275,-88.3485,91.7721,121.275,86.9795,247.174
121.491,-88.5049,91.9347,121.491,87.1334,247.624
121.707,-88.6613,92.0973,121.707,87.2873,248.074
121.923,-88.8177,92.2599,121.923,87.4413,248.524
122.139,-88.9741,92.4224,122.139,87.5952,248.974
122.356,-89.1305,92.585,122.356,87.7491,249.424
122.572,-89.2869,92.7476,122.572,87.9031,249.874
122.788,-89.4433,92.9102,122.788,88.057,250.324
123.004,-89.5997,93.0728,123.004,88.2109,250.774
123.22,-89.7561,93.2354,123.22,88.3649,251.224
123.437,-89.9125,93.398,123.437,88.5188,251.674
123.653,-90.069,93.5606,123.653,88.6727,252.124
123.869,-90.2254,93.7232,123.869,88.8267,252.574
124.085,-90.3818,93.8858,124.085,88.9806,253.024
124.301,-90.5382,94.0484,124.301,89.1346,253.474
124.518,-90.6946,94.211,124.518,89.2885,253.924
124.734,-90.851,94.3736,124.734,89.4424,254.374
124.95,-91.0074,94.5362,124.95,89.5964,254.824
125.166,-91.1638,94.6988,125.166,89.7503,255.274
125.382,-91.3202,94.8614,125.382,89.9042,255.724
125.599,-91.4766,95.024,125.599,90.0582,256.174
125.815,-91.633,95.1866,125.815,90.2121,256.624
126.031,-91.7894,95.3492,126.031,90.366,257.074
126.247,-91.9459,95.5118,126.247,90.52,257.524
126.463,-92.1023,95.6744,126.463,90.6739,257.974
126.68,-92.2587,95.8369,126.68,90.8279,258.424
126.896,-92.4151,95.9995,126.896,90.9818,258.874
127.112,-92.5715,96.1621,127.112,91.1357,259.324
127.328,-92.7279,96.3247,127.328,91.2897,259.774
127.545,-92.8843,96.4873,127.545,91.4436,260.224
127.761,-93.0407,96.6499,127.761,91.5975,260.674
127.977,-93.1971,96.8125,127.977,91.7515,261.124
128.193,-93.3535,96.9751,128.193,91.9054,261.574
128.409,-93.5099,97.1377,128.409,92.0593,262.024
128.626,-93.6663,97.3003,128.626,92.2133,262.474
128.842,-93.8228,97.4629,128.842,92.3672,262.924
129.058,-93.9792,97.6255,129.058,92.5211,263.374
129.274,-94.1356,97.7881,129.274,92.6751,263.824
129.49,-94.292,97.9507,129.49,92.829,264.274
129.707,-94.4484,98.1133,129.707,92.983,264.724
129.923,-94.6048,98.2759,129.923,93.1369,265.174
130.139,-94.7612,98.4385,130.139,93.2908,265.624
130.355,-94.9176,98.6011,130.355,93.4448,266.074
130.571,-95.074,98.7637,130.571,93.5987,266.524
130.788,-95.2304,98.9263,130.788,93.7526,266.974
131.004,-95.3868,99.0889,131.004,93.9066,267.424
131.22,-95.5432,99.2514,131.22,94.0605,267.874
131.436,-95.6996,99.414,131.436,94.2144,268.324
131.652,-95.8561,99.5766,131.652,94.3684,268.774
131.869,-96.0125,99.7392,131.869,94.5223,269.224
132.085,-96.1689,99.9018,132.085,94.6763,269.674
132.301,-96.3253,100.064,132.301,94.8302,270.124
132.517,-96.4817,100.227,132.517,94.9841,270.574
132.733,-96.6381,100.39,132.733,95.1381,271.024
132.95,-96.7945,100.552,132.95,95.292,271.474
133.166,-96.9509,100.715,133.166,95.4459,271.924
133.382,-97.1073,100.877,133.382,95.5999,272.374
133.598,-97.2637,101.04,133.598,95.7538,272.824
133.814,-97.4201,101.203,133.814,95.9077,273.274
134.031,-97.5765,101.365,134.031,96.0617,273.724
134.247,-97.733,101.528,134.247,96.2156,274.174
134.463,-97.8894,101.69,134.463,96.3695,274.624
134.679,-98.0458,101.853,134.679,96.5235,275.074
134.895,-98.2022,102.016,134.895,96.6774,275.524
135.112,-98.3586,102.178,135.112,96.8314,275.974
135.328,-98.515,102.341,135.328,96.9853,276.424
135.544,-98.6714,102.503,135.544,97.1392,276.874
135.76,-98.8278,102.666,135.76,97.2932,277.324
135.976,-98.9842,102.829,135.976,97.4471,277.774
136.193,-99.1406,102.991,136.193,97.601,278.224
136.409,-99.297,103.154,136.409,97.755,278.674
136.625,-99.4534,103.316,136.625,97.9089,279.124
136.841,-99.6098,103.479,136.841,98.0628,279.574
137.058,-99.7663,103.642,137.058,98.2168,280.024
137.274,-99.9227,103.804,137.274,98.3707,280.474
137.49,-100.079,103.967,137.49,98.5247,280.924
137.706,-100.235,104.129,137.706,98.6786,281.374
137.922,-100.392,104.292,137.922,98.8325,281.824
138.139,-100.548,104.454,138.139,98.9865,282.274
138.355,-100.705,104.617,138.355,99.1404,282.724
138.571,-100.861,104.78,138.571,99.2943,283.174
138.787,-101.018,104.942,138.787,99.4483,283.624
139.003,-101.174,105.105,139.003,99.6022,284.074
139.22,-101.33,105.267,139.22,99.7561,284.524
139.436,-101.487,105.43,139.436,99.9101,284.974
139.652,-101.643,105.593,139.652,100.064,285.424
139.868,-101.8,105.755,139.868,100.218,285.874
140.084,-101.956,105.918,140.084,100.372,286.324
140.301,-102.112,106.08,140.301,100.526,286.774
140.517,-102.269,106.243,140.517,100.68,287.224
140.733,-102.425,106.406,140.733,100.834,287.674
140.949,-102.582,106.568,140.949,100.988,288.124
141.165,-102.738,106.731,141.165,101.142,288.574
141.382,-102.894,106.893,141.382,101.295,289.024
141.598,-103.051,107.056,141.598,101.449,289.474
141.814,-103.207,107.219,141.814,101.603,289.924
142.03,-103.364,107.381,142.03,101.757,290.374
142.246,-103.52,107.544,142.246,101.911,290.824
142.463,-103.676,107.706,142.463,102.065,291.274
142.679,-103.833,107.869,142.679,102.219,291.724
142.895,-103.989,108.032,142.895,102.373,292.174
143.111,-104.146,108.194,143.111,102.527,292.624
143.327,-104.302,108.357,143.327,102.681,293.074
143.544,-104.458,108.519,143.544,102.835,293.524
143.76,-104.615,108.682,143.76,102.989,293.974
143.976,-104.771,108.845,143.976,103.143,294.424
144.192,-104.928,109.007,144.192,103.297,294.874
144.408,-105.084,109.17,144.408,103.451,295.324
144.625,-105.241,109.332,144.625,103.605,295.774
144.841,-105.397,109.495,144.841,103.758,296.224
145.057,-105.553,109.658,145.057,103.912,296.674
145.273,-105.71,109.82,145.273,104.066,297.124
145.489,-105.866,109.983,145.489,104.22,297.574
145.706,-106.023,110.145,145.706,104.374,298.024
145.922,-106.179,110.308,145.922,104.528,298.474
146.138,-106.335,110.471,146.138,104.682,298.924
146.354,-106.492,110.633,146.354,104.836,299.374
146.571,-106.648,110.796,146.571,104.99,299.824
146.787,-106.805,110.958,146.787,105.144,300.274
147.003,-106.961,111.121,147.003,105.298,300.724
147.219,-107.117,111.283,147.219,105.452,301.174
147.435,-107.274,111.446,147.435,105.606,301.624
147.652,-107.43,111.609,147.652,105.76,302.074
147.868,-107.587,111.771,147.868,105.914,302.524
148.084,-107.743,111.934,148.084,106.068,302.974
148.3,-107.899,112.096,148.3,106.221,303.424
148.516,-108.056,112.259,148.516,106.375,303.874
148.733,-108.212,112.422,148.733,106.529,304.324
148.949,-108.369,112.584,148.949,106.683,304.774
149.165,-108.525,112.747,149.165,106.837,305.224
149.381,-108.682,112.909,149.381,106.991,305.674
149.597,-108.838,113.072,149.597,107.145,306.124
149.814,-108.994,113.235,149.814,107.299,306.574
150.03,-109.151,113.397,150.03,107.453,307.024
150.246,-109.307,113.56,150.246,107.607,307.474
150.462,-109.464,113.722,150.462,107.761,307.924
150.678,-109.62,113.885,150.678,107.915,308.374
150.895,-109.776,114.048,150.895,108.069,308.824
151.111,-109.933,114.21,151.111,108.223,309.274
151.327,-110.089,114.373,151.327,108.377,309.724
151.543,-110.246,114.535,151.543,108.53,310.174
151.759,-110.402,114.698,151.759,108.684,310.624
151.976,-110.558,114.861,151.976,108.838,311.074
152.192,-110.715,115.023,152.192,108.992,311.524
152.408,-110.871,115.186,152.408,109.146,311.974
152.624,-111.028,115.348,152.624,109.3,312.424
152.84,-111.184,115.511,152.84,109.454,312.874
153.057,-111.34,115.674,153.057,109.608,313.324
153.273,-111.497,115.836,153.273,109.762,313.774
153.489,-111.653,115.999,153.489,109.916,314.224
153.705,-111.81,116.161,153.705,110.07,314.674
153.921,-111.966,116.324,153.921,110.224,315.124
154.138,-112.122,116.487,154.138,110.378,315.574
154.354,-112.279,116.649,154.354,110.532,316.024
154.57,-112.435,116.812,154.57,110.686,316.474
154.786,-112.592,116.974,154.786,110.84,316.924
155.002,-112.748,117.137,155.002,110.993,317.374
155.219,-112.905,117.3,155.219,111.147,317.824
155.435,-113.061,117.462,155.435,111.301,318.274
155.651,-113.217,117.625,155.651,111.455,318.724
155.867,-113.374,117.787,155.867,111.609,319.174
156.084,-113.53,117.95,156.084,111.763,319.624
156.3,-113.687,118.112,156.3,111.917,320.074
156.516,-113.843,118.275,156.516,112.071,320.524
156.732,-113.999,118.438,156.732,112.225,320.974
156.948,-114.156,118.6,156.948,112.379,321.424
157.165,-114.312,118.763,157.165,112.533,321.874
157.381,-114.469,118.925,157.381,112.687,322.324
157.597,-114.625,119.088,157.597,112.841,322.774
157.813,-114.781,119.251,157.813,112.995,323.224
158.029,-114.938,119.413,158.029,113.149,323.674
158.246,-115.094,119.576,158.246,113.303,324.124
158.462,-115.251,119.738,158.462,113.456,324.574
158.678,-115.407,119.901,158.678,113.61,325.024
158.894,-115.563,120.064,158.894,113.764,325.474
159.11,-115.72,120.226,159.11,113.918,325.924
159.327,-115.876,120.389,159.327,114.072,326.374
159.543,-116.033,120.551,159.543,114.226,326.824
159.759,-116.189,120.714,159.759,114.38,327.274
159.975,-116.346,120.877,159.975,114.534,327.724
160.191,-116.502,121.039,160.191,114.688,328.174
160.408,-116.658,121.202,160.408,114.842,328.624
160.624,-116.815,121.364,160.624,114.996,329.074
160.84,-116.971,121.527,160.84,115.15,329.524
161.056,-117.128,121.69,161.056,115.304,329.974
161.272,-117.284,121.852,161.272,115.458,330.424
161.489,-117.44,122.015,161.489,115.612,330.874
161.705,-117.597,122.177,161.705,115.765,331.324
161.921,-117.753,122.34,161.921,115.919,331.774
162.137,-117.91,122.503,162.137,116.073,332.224
162.353,-118.066,122.665,162.353,116.227,332.674
162.57,-118.222,122.828,162.57,116.381,333.124
162.786,-118.379,122.99,162.786,116.535,333.574
163.002,-118.535,123.153,163.002,116.689,334.024
163.218,-118.692,123.316,163.218,116.843,334.474
163.434,-118.848,123.478,163.434,116.997,334.924
163.651,-119.004,123.641,163.651,117.151,335.374
163.867,-119.161,123.803,163.867,117.305,335.824
164.083,-119.317,123.966,164.083,117.459,336.274
164.299,-119.474,124.129,164.299,117.613,336.724
164.515,-119.63,124.291,164.515,117.767,337.174
164.732,-119.786,124.454,164.732,117.921,337.624
164.948,-119.943,124.616,164.948,118.075,338.074
165.164,-120.099,124.779,165.164,118.228,338.524
165.38,-120.256,124.941,165.38,118.382,338.974
165.596,-120.412,125.104,165.596,118.536,339.424
165.813,-120.569,125.267,165.813,118.69,339.874
166.029,-120.725,125.429,166.029,118.844,340.324
166.245,-120.881,125.592,166.245,118.998,340.774
166.461,-121.038,125.754,166.461,119.152,341.224
166.678,-121.194,125.917,166.678,119.306,341.674
166.894,-121.351,126.08,166.894,119.46,342.124
167.11,-121.507,126.242,167.11,119.614,342.574
167.326,-121.663,126.405,167.326,119.768,343.024
167.542,-121.82,126.567,167.542,119.922,343.474
167.759,-121.976,126.73,167.759,120.076,343.923
167.975,-122.133,126.893,167.975,120.23,344.372
168.191,-122.289,127.055,168.191,120.384,344.82
168.407,-122.445,127.218,168.407,120.537,345.266
168.623,-122.602,127.38,168.623,120.691,345.711
168.84,-122.758,127.543,168.84,120.845,346.154
169.056,-122.915,127.706,169.056,120.999,346.595
169.272,-123.071,127.868,169.272,121.153,347.033
169.488,-123.227,128.031,169.488,121.307,347.468
169.704,-123.384,128.193,169.704,121.461,347.9
169.921,-123.54,128.356,169.921,121.615,348.329
170.137,-123.697,128.519,170.137,121.769,348.753
170.353,-123.853,128.681,170.353,121.923,349.174
170.569,-124.01,128.844,170.569,122.077,349.59
170.785,-124.166,129.006,170.785,122.231,350.001
171.002,-124.322,129.169,171.002,122.385,350.408
171.218,-124.479,129.332,171.218,122.539,350.809
171.434,-124.635,129.494,171.434,122.693,351.204
171.65,-124.792,129.657,171.65,122.847,351.593
171.866,-124.948,129.819,171.866,123,351.976
172.083,-125.104,129.982,172.083,123.154,352.352
172.299,-125.261,130.145,172.299,123.308,352.721
172.515,-125.417,130.307,172.515,123.462,353.084
172.731,-125.574,130.47,172.731,123.616,353.438
172.946,-125.73,130.632,172.946,123.77,353.785
173.16,-125.886,130.795,173.16,123.924,354.123
173.374,-126.043,130.958,173.374,124.078,354.453
173.585,-126.199,131.12,173.585,124.232,354.774
173.795,-126.356,131.283,173.795,124.386,355.086
174.002,-126.512,131.445,174.002,124.54,355.388
174.208,-126.668,131.608,174.208,124.694,355.681
174.41,-126.824,131.769,174.41,124.847,355.964
174.609,-126.98,131.93,174.609,125.001,356.236
174.805,-127.134,132.089,174.805,125.153,356.498
174.997,-127.287,132.247,174.997,125.304,356.748
175.185,-127.439,132.403,175.185,125.454,356.988
175.368,-127.588,132.557,175.368,125.602,357.215
175.547,-127.736,132.709,175.547,125.747,357.431
175.721,-127.881,132.857,175.721,125.891,357.636
175.89,-128.023,133.003,175.89,126.031,357.829
176.053,-128.162,133.145,176.053,126.169,358.012
176.21,-128.297,133.283,176.21,126.303,358.183
176.361,-128.429,133.418,176.361,126.434,358.345
176.506,-128.557,133.548,176.506,126.561,358.497
176.643,-128.68,133.673,176.643,126.683,358.639
176.774,-128.798,133.793,176.774,126.801,358.772
176.897,-128.912,133.908,176.897,126.913,358.896
177.012,-129.02,134.018,177.012,127.021,359.012
177.119,-129.122,134.121,177.119,127.123,359.119
177.218,-129.219,134.218,177.218,127.219,359.218
177.309,-129.309,134.309,177.309,127.309,359.309
177.393,-129.393,134.393,177.393,127.393,359.393
177.47,-129.47,134.47,177.47,127.47,359.47
177.54,-129.54,134.54,177.54,127.54,359.54
177.603,-129.603,134.603,177.603,127.603,359.603
177.661,-129.661,134.661,177.661,127.661,359.661
177.713,-129.713,134.713,177.713,127.713,359.713
177.759,-129.759,134.759,177.759,127.759,359.759
177.8,-129.8,134.8,177.8,127.8,359.8
177.835,-129.835,134.835,177.835,127.835,359.835
177.867,-129.867,134.867,177.867,127.867,359.867
177.894,-129.894,134.894,177.894,127.894,359.894
177.917,-129.917,134.917,177.917,127.917,359.917
177.937,-129.937,134.937,177.937,127.937,359.937
177.953,-129.953,134.953,177.953,127.953,359.953
177.966,-129.966,134.966,177.966,127.966,359.966
177.976,-129.976,134.976,177.976,127.976,359.976
177.985,-129.985,134.985,177.985,127.985,359.985
177.99,-129.99,134.99,177.99,127.99,359.99
177.995,-129.995,134.995,177.995,127.995,359.995
177.997,-129.997,134.997,177.997,127.997,359.997
177.999,-129.999,134.999,177.999,127.999,359.999
178,-130,135,178,128,360
178,-130,135,178,128,360
178,-130,135,178,128,360
