0.0494478,-0.0361144,0.0375033,0.0494478,0.0355589,0.100003
0.0494711,-0.0361378,0.0375267,0.0494711,0.0355822,0.100027
0.0495344,-0.0362011,0.03759,0.0495344,0.0356456,0.10009
0.0496578,-0.0363244,0.0377133,0.0496578,0.0357689,0.100213
0.0498611,-0.0365278,0.0379167,0.0498611,0.0359722,0.100417
0.0501644,-0.0368311,0.03822,0.0501644,0.0362756,0.10072
0.0505878,-0.0372544,0.0386433,0.0505878,0.0366989,0.101143
0.0511511,-0.0378178,0.0392067,0.0511511,0.0372622,0.101707
0.0518744,-0.0385411,0.03993,0.0518744,0.0379856,0.10243
0.0527778,-0.0394444,0.0408333,0.0527778,0.0388889,0.103333
0.0538811,-0.0405478,0.0419367,0.0538811,0.0399922,0.104437
0.0552044,-0.0418711,0.04326,0.0552044,0.0413156,0.10576
0.0567678,-0.0434344,0.0448233,0.0567678,0.0428789,0.107323
0.0585911,-0.0452578,0.0466467,0.0585911,0.0447022,0.109147
0.0606944,-0.0473611,0.04875,0.0606944,0.0468056,0.11125
0.0630978,-0.0497644,0.0511533,0.0630978,0.0492089,0.113653
0.0658211,-0.0524878,0.0538767,0.0658211,0.0519322,0.116377
0.0688844,-0.0555511,0.05694,0.0688844,0.0549956,0.11944
0.0723078,-0.0589744,0.0603633,0.0723078,0.0584189,0.122863
0.0761111,-0.0627778,0.0641667,0.0761111,0.0622222,0.126667
0.0803144,-0.0669811,0.06837,0.0803144,0.0664256,0.13087
0.0849378,-0.0716044,0.0729933,0.0849378,0.0710489,0.135493
0.0900011,-0.0766678,0.0780567,0.0900011,0.0761122,0.140557
0.0955244,-0.0821911,0.08358,0.0955244,0.0816356,0.14608
0.101528,-0.0881944,0.0895833,0.101528,0.0876389,0.152083
0.108031,-0.0946978,0.0960867,0.108031,0.0941422,0.158587
0.115054,-0.101721,0.10311,0.115054,0.101166,0.16561
0.122618,-0.109284,0.110673,0.122618,0.108729,0.173173
0.130741,-0.117408,0.118797,0.130741,0.116852,0.181297
0.139444,-0.126111,0.1275,0.139444,0.125556,0.19
0.148748,-0.135414,0.136803,0.148748,0.134859,0.199303
0.158671,-0.145338,0.146727,0.158671,0.144782,0.209227
0.169234,-0.155901,0.15729,0.169234,0.155346,0.21979
0.180458,-0.167124,0.168513,0.180458,0.166569,0.231013
0.192361,-0.179028,0.180417,0.192361,0.178472,0.242917
0.204964,-0.191631,0.19302,0.204964,0.191076,0.25552
0.218288,-0.204954,0.206343,0.218288,0.204399,0.268843
0.232351,-0.219018,0.220407,0.232351,0.218462,0.282907
0.247174,-0.233841,0.23523,0.247174,0.233286,0.29773
0.262778,-0.249444,0.250833,0.262778,0.248889,0.313333
0.279181,-0.265848,0.267237,0.279181,0.265292,0.329737
0.296404,-0.283071,0.28446,0.296404,0.282516,0.34696
0.314468,-0.301134,0.302523,0.314468,0.300579,0.365023
0.333391,-0.320058,0.321447,0.333391,0.319502,0.383947
0.353194,-0.339861,0.34125,0.353194,0.339306,0.40375
0.373898,-0.360564,0.361953,0.373898,0.360009,0.424453
0.395521,-0.382188,0.383577,0.395521,0.381632,0.446077
0.418084,-0.404751,0.40614,0.418084,0.404196,0.46864
0.441608,-0.428274,0.429663,0.441608,0.427719,0.492163
0.466111,-0.452778,0.454167,0.466111,0.452222,0.516667
0.491614,-0.478281,0.47967,0.491614,0.477726,0.54217
0.518138,-0.504804,0.506193,0.518138,0.504249,0.568693
0.545701,-0.532368,0.533757,0.545701,0.531812,0.596257
0.574324,-0.560991,0.56238,0.574324,0.560436,0.62488
0.604028,-0.590694,0.592083,0.604028,0.590139,0.654583
0.634831,-0.621498,0.622887,0.634831,0.620942,0.685387
0.666754,-0.653421,0.65481,0.666754,0.652866,0.71731
0.699818,-0.686484,0.687873,0.699818,0.685929,0.750373
0.734041,-0.720708,0.722097,0.734041,0.720152,0.784597
0.769444,-0.756111,0.7575,0.769444,0.755556,0.82
0.806048,-0.792714,0.794103,0.806048,0.792159,0.856603
0.843871,-0.830538,0.831927,0.843871,0.829982,0.894427
0.882934,-0.869601,0.87099,0.882934,0.869046,0.93349
0.923258,-0.909924,0.911313,0.923258,0.909369,0.973813
0.964861,-0.951528,0.952917,0.964861,0.950972,1.01542
1.00776,-0.994431,0.99582,1.00776,0.993876,1.05832
1.05199,-1.03865,1.04004,1.05199,1.0381,1.10254
1.09755,-1.08422,1.08561,1.09755,1.08366,1.14811
1.14447,-1.13114,1.13253,1.14447,1.13059,1.19503
1.19278,-1.17944,1.18083,1.19278,1.17889,1.24333
1.24248,-1.22915,1.23054,1.24248,1.22859,1.29304
1.2936,-1.28027,1.28166,1.2936,1.27972,1.34416
1.34617,-1.33283,1.33422,1.34617,1.33228,1.39672
1.40019,-1.38686,1.38825,1.40019,1.3863,1.45075
1.45569,-1.44236,1.44375,1.45569,1.44181,1.50625
1.5127,-1.49936,1.50075,1.5127,1.49881,1.56325
1.57122,-1.55788,1.55928,1.57122,1.5573,1.62178
1.63128,-1.61789,1.61934,1.63128,1.61726,1.68184
1.69291,-1.67938,1.68094,1.69291,1.67867,1.74346
1.75611,-1.74232,1.74406,1.75611,1.74152,1.80667
1.82091,-1.8067,1.80867,1.82091,1.80577,1.87147
1.88734,-1.87249,1.87477,1.88734,1.87142,1.93789
1.9554,-1.93968,1.94232,1.9554,1.93844,2.00596
2.02512,-2.00825,2.01131,2.02512,2.00681,2.07568
2.09653,-2.07818,2.08172,2.09653,2.07651,2.14708
2.16963,-2.14943,2.15353,2.16963,2.14752,2.22019
2.24445,-2.22201,2.22671,2.24445,2.21982,2.29501
2.32102,-2.29588,2.30126,2.32102,2.29339,2.37157
2.39934,-2.37103,2.37714,2.39934,2.36822,2.4499
2.47944,-2.44743,2.45434,2.47944,2.44427,2.53
2.56134,-2.52507,2.53284,2.56134,2.52154,2.6119
2.64501,-2.60393,2.61261,2.64501,2.59999,2.69563
2.73044,-2.68398,2.69365,2.73044,2.67962,2.78119
2.81761,-2.76521,2.77592,2.81761,2.7604,2.86861
2.9065,-2.8476,2.85941,2.9065,2.84231,2.95792
2.99708,-2.93112,2.9441,2.99708,2.92533,3.04912
3.08935,-3.01575,3.02997,3.08935,3.00944,3.14224
3.18327,-3.10149,3.117,3.18327,3.09462,3.23731
3.27882,-3.1883,3.20516,3.27882,3.18085,3.33433
3.376,-3.27616,3.29444,3.376,3.26812,3.43333
3.47477,-3.36506,3.38482,3.47477,3.35639,3.53433
3.57512,-3.45498,3.47628,3.57512,3.44566,3.63733
3.67703,-3.54589,3.5688,3.67703,3.5359,3.74233
3.78048,-3.63778,3.66236,3.78048,3.62709,3.84933
3.88544,-3.73063,3.75693,3.88544,3.71921,3.95833
3.9919,-3.82441,3.8525,3.9919,3.81224,4.06933
4.09984,-3.91911,3.94905,4.09984,3.90616,4.18233
4.20924,-4.0147,4.04656,4.20924,4.00095,4.29733
4.32007,-4.11117,4.145,4.32007,4.09659,4.41433
4.43233,-4.2085,4.24437,4.43233,4.19307,4.53333
4.54598,-4.30666,4.34463,4.54598,4.29035,4.65433
4.66101,-4.40564,4.44577,4.66101,4.38843,4.77733
4.77739,-4.50541,4.54777,4.77739,4.48728,4.90233
4.89511,-4.60596,4.65061,4.89511,4.58688,5.02933
5.01416,-4.70727,4.75426,5.01416,4.6872,5.15833
5.1345,-4.80931,4.85872,5.1345,4.78825,5.28933
5.25611,-4.91207,4.96395,5.25611,4.88998,5.42233
5.37899,-5.01553,5.06994,5.37899,4.99238,5.55733
5.5031,-5.11966,5.17667,5.5031,5.09543,5.69433
5.62843,-5.22445,5.28412,5.62843,5.19912,5.83333
5.75496,-5.32987,5.39226,5.75496,5.30341,5.97433
5.88266,-5.43591,5.50108,5.88266,5.4083,6.11733
6.01153,-5.54255,5.61057,6.01153,5.51375,6.26233
6.14153,-5.64976,5.72069,6.14153,5.61976,6.40933
6.27265,-5.75752,5.83142,6.27265,5.7263,6.55833
6.40486,-5.86583,5.94276,6.40486,5.83335,6.70933
6.53816,-5.97465,6.05467,6.53816,5.94089,6.86233
6.67251,-6.08397,6.16715,6.67251,6.04891,7.01733
6.8079,-6.19376,6.28016,6.8079,6.15737,7.17433
6.94431,-6.30401,6.39369,6.94431,6.26626,7.33333
7.08171,-6.41469,6.50771,7.08171,6.37557,7.49433
7.2201,-6.52579,6.62222,7.2201,6.48526,7.65733
7.35944,-6.63729,6.73718,7.35944,6.59533,7.82233
7.49972,-6.74916,6.85258,7.49972,6.70575,7.98933
7.64091,-6.86139,6.9684,7.64091,6.8165,8.15833
7.78301,-6.97396,7.08462,7.78301,6.92756,8.32933
7.92598,-7.08684,7.20122,7.92598,7.03891,8.50233
8.06981,-7.20001,7.31817,8.06981,7.15053,8.67733
8.21448,-7.31347,7.43546,8.21448,7.26241,8.85433
8.35996,-7.42718,7.55308,8.35996,7.37451,9.03333
8.50624,-7.54112,7.67098,8.50624,7.48682,9.21433
8.65331,-7.65528,7.78917,8.65331,7.59933,9.39733
8.80112,-7.76964,7.90762,8.80112,7.71201,9.58233
8.94968,-7.88418,8.0263,8.94968,7.82484,9.76933
9.09895,-7.99887,8.1452,9.09895,7.93779,9.95833
9.24893,-8.11369,8.2643,9.24893,8.05086,10.1493
9.39958,-8.22864,8.38358,9.39958,8.16403,10.3423
9.55088,-8.34367,8.50302,9.55088,8.27726,10.5373
9.70283,-8.45879,8.62259,9.70283,8.39054,10.7343
9.85539,-8.57396,8.74229,9.85539,8.50385,10.9333
10.0086,-8.68917,8.86208,10.0086,8.61718,11.1343
10.1623,-8.80439,8.98195,10.1623,8.73051,11.3373
10.3166,-8.91961,9.10188,10.3166,8.84383,11.5423
10.4714,-9.03484,9.22184,10.4714,8.95716,11.7493
10.6268,-9.15006,9.34183,10.6268,9.07048,11.9583
10.7826,-9.26529,9.46181,10.7826,9.18381,12.1693
10.9389,-9.38051,9.5818,10.9389,9.29714,12.3823
11.0957,-9.49574,9.70179,11.0957,9.41046,12.5973
11.253,-9.61096,9.82177,11.253,9.52379,12.8143
11.4106,-9.72619,9.94176,11.4106,9.63711,13.0333
11.5686,-9.84141,10.0617,11.5686,9.75044,13.2543
11.727,-9.95664,10.1817,11.727,9.86376,13.4773
11.8858,-10.0719,10.3017,11.8858,9.97709,13.7023
12.0449,-10.1871,10.4217,12.0449,10.0904,13.9293
12.2044,-10.3023,10.5417,12.2044,10.2037,14.1583
12.3641,-10.4175,10.6617,12.3641,10.3171,14.3893
12.5241,-10.5328,10.7817,12.5241,10.4304,14.6223
12.6844,-10.648,10.9017,12.6844,10.5437,14.8573
12.8449,-10.7632,11.0216,12.8449,10.657,15.0943
13.0056,-10.8784,11.1416,13.0056,10.7704,15.3333
13.1665,-10.9937,11.2616,13.1665,10.8837,15.5743
13.3276,-11.1089,11.3816,13.3276,10.997,15.8173
13.4888,-11.2241,11.5016,13.4888,11.1103,16.0623
13.6502,-11.3393,11.6216,13.6502,11.2237,16.3093
13.8117,-11.4546,11.7416,13.8117,11.337,16.5583
13.9733,-11.5698,11.8615,13.9733,11.4503,16.8093
14.135,-11.685,11.9815,14.135,11.5637,17.0623
14.2968,-11.8002,12.1015,14.2968,11.677,17.3173
14.4585,-11.9155,12.2215,14.4585,11.7903,17.5743
14.6203,-12.0307,12.3415,14.6203,11.9036,17.8333
14.7821,-12.1459,12.4615,14.7821,12.017,18.0943
14.9439,-12.2611,12.5815,14.9439,12.1303,18.3573
15.1057,-12.3764,12.7015,15.1057,12.2436,18.6222
15.2675,-12.4916,12.8214,15.2675,12.3569,18.8891
15.4293,-12.6068,12.9414,15.4293,12.4703,19.1579
15.5911,-12.722,13.0614,15.5911,12.5836,19.4286
15.7529,-12.8373,13.1814,15.7529,12.6969,19.7012
15.9147,-12.9525,13.3014,15.9147,12.8102,19.9756
16.0765,-13.0677,13.4214,16.0765,12.9236,20.2519
16.2383,-13.1829,13.5414,16.2383,13.0369,20.53
16.4001,-13.2982,13.6614,16.4001,13.1502,20.8099
16.5619,-13.4134,13.7813,16.5619,13.2635,21.0916
16.7237,-13.5286,13.9013,16.7237,13.3769,21.375
16.8855,-13.6438,14.0213,16.8855,13.4902,21.6602
17.0473,-13.7591,14.1413,17.0473,13.6035,21.9471
17.2091,-13.8743,14.2613,17.2091,13.7168,22.2357
17.3709,-13.9895,14.3813,17.3709,13.8302,22.526
17.5327,-14.1047,14.5013,17.5327,13.9435,22.8179
17.6945,-14.22,14.6212,17.6945,14.0568,23.1115
17.8563,-14.3352,14.7412,17.8563,14.1701,23.4067
18.0181,-14.4504,14.8612,18.0181,14.2835,23.7035
18.1799,-14.5656,14.9812,18.1799,14.3968,24.0018
18.3417,-14.6809,15.1012,18.3417,14.5101,24.3018
18.5035,-14.7961,15.2212,18.5035,14.6234,24.6033
18.6653,-14.9113,15.3412,18.6653,14.7368,24.9063
18.8271,-15.0265,15.4612,18.8271,14.8501,25.2107
18.9889,-15.1417,15.5811,18.9889,14.9634,25.5167
19.1507,-15.257,15.7011,19.1507,15.0768,25.8242
19.3125,-15.3722,15.8211,19.3125,15.1901,26.133
19.4743,-15.4874,15.9411,19.4743,15.3034,26.4433
19.636,-15.6026,16.0611,19.636,15.4167,26.755
19.7978,-15.7179,16.1811,19.7978,15.5301,27.0681
19.9596,-15.8331,16.3011,19.9596,15.6434,27.3825
20.1214,-15.9483,16.421,20.1214,15.7567,27.6983
20.2832,-16.0635,16.541,20.2832,15.87,28.0154
20.445,-16.1788,16.661,20.445,15.9834,28.3338
20.6068,-16.294,16.781,20.6068,16.0967,28.6535
20.7686,-16.4092,16.901,20.7686,16.21,28.9744
20.9304,-16.5244,17.021,20.9304,16.3233,29.2966
21.0922,-16.6397,17.141,21.0922,16.4367,29.62
21.254,-16.7549,17.261,21.254,16.55,29.9446
21.4158,-16.8701,17.3809,21.4158,16.6633,30.2704
21.5776,-16.9853,17.5009,21.5776,16.7766,30.5973
21.7394,-17.1006,17.6209,21.7394,16.89,30.9254
21.9012,-17.2158,17.7409,21.9012,17.0033,31.2546
22.063,-17.331,17.8609,22.063,17.1166,31.5849
22.2248,-17.4462,17.9809,22.2248,17.2299,31.9163
22.3866,-17.5615,18.1009,22.3866,17.3433,32.2487
22.5484,-17.6767,18.2208,22.5484,17.4566,32.5822
22.7102,-17.7919,18.3408,22.7102,17.5699,32.9167
22.872,-17.9071,18.4608,22.872,17.6832,33.2522
23.0338,-18.0224,18.5808,23.0338,17.7966,33.5886
23.1956,-18.1376,18.7008,23.1956,17.9099,33.9261
23.3574,-18.2528,18.8208,23.3574,18.0232,34.2645
23.5192,-18.368,18.9408,23.5192,18.1366,34.6038
23.681,-18.4833,19.0608,23.681,18.2499,34.9439
23.8428,-18.5985,19.1807,23.8428,18.3632,35.285
24.0046,-18.7137,19.3007,24.0046,18.4765,35.627
24.1664,-18.8289,19.4207,24.1664,18.5899,35.9697
24.3282,-18.9442,19.5407,24.3282,18.7032,36.3133
24.49,-19.0594,19.6607,24.49,18.8165,36.6577
24.6518,-19.1746,19.7807,24.6518,18.9298,37.0029
24.8136,-19.2898,19.9007,24.8136,19.0432,37.3488
24.9754,-19.4051,20.0207,24.9754,19.1565,37.6955
25.1372,-19.5203,20.1406,25.1372,19.2698,38.0429
25.299,-19.6355,20.2606,25.299,19.3831,38.391
25.4608,-19.7507,20.3806,25.4608,19.4965,38.7398
25.6226,-19.866,20.5006,25.6226,19.6098,39.0892
25.7844,-19.9812,20.6206,25.7844,19.7231,39.4393
25.9462,-20.0964,20.7406,25.9462,19.8364,39.79
26.108,-20.2116,20.8606,26.108,19.9498,40.1413
26.2697,-20.3269,20.9805,26.2697,20.0631,40.4932
26.4315,-20.4421,21.1005,26.4315,20.1764,40.8456
26.5933,-20.5573,21.2205,26.5933,20.2897,41.1986
26.7551,-20.6725,21.3405,26.7551,20.4031,41.5521
26.9169,-20.7878,21.4605,26.9169,20.5164,41.9061
27.0787,-20.903,21.5805,27.0787,20.6297,42.2606
27.2405,-21.0182,21.7005,27.2405,20.743,42.6155
27.4023,-21.1334,21.8205,27.4023,20.8564,42.9709
27.5641,-21.2487,21.9404,27.5641,20.9697,43.3267
27.7259,-21.3639,22.0604,27.7259,21.083,43.6829
27.8877,-21.4791,22.1804,27.8877,21.1963,44.0394
28.0495,-21.5943,22.3004,28.0495,21.3097,44.3964
28.2113,-21.7096,22.4204,28.2113,21.423,44.7537
28.3731,-21.8248,22.5404,28.3731,21.5363,45.1113
28.5349,-21.94,22.6604,28.5349,21.6497,45.4691
28.6967,-22.0552,22.7803,28.6967,21.763,45.8273
28.8585,-22.1705,22.9003,28.8585,21.8763,46.1858
29.0203,-22.2857,23.0203,29.0203,21.9896,46.5444
29.1821,-22.4009,23.1403,29.1821,22.103,46.9033
29.3439,-22.5161,23.2603,29.3439,22.2163,47.2624
29.5057,-22.6314,23.3803,29.5057,22.3296,47.6217
29.6675,-22.7466,23.5003,29.6675,22.4429,47.9811
29.8293,-22.8618,23.6203,29.8293,22.5563,48.3407
29.9911,-22.977,23.7402,29.9911,22.6696,48.7004
30.1529,-23.0923,23.8602,30.1529,22.7829,49.0602
30.3147,-23.2075,23.9802,30.3147,22.8962,49.4201
30.4765,-23.3227,24.1002,30.4765,23.0096,49.78
30.6383,-23.4379,24.2202,30.6383,23.1229,50.14
30.8001,-23.5532,24.3402,30.8001,23.2362,50.5
30.9619,-23.6684,24.4602,30.9619,23.3495,50.86
31.1237,-23.7836,24.5801,31.1237,23.4629,51.22
31.2855,-23.8988,24.7001,31.2855,23.5762,51.58
31.4473,-24.0141,24.8201,31.4473,23.6895,51.94
31.6091,-24.1293,24.9401,31.6091,23.8028,52.3
31.7709,-24.2445,25.0601,31.7709,23.9162,52.66
31.9327,-24.3597,25.1801,31.9327,24.0295,53.02
32.0945,-24.475,25.3001,32.0945,24.1428,53.38
32.2563,-24.5902,25.4201,32.2563,24.2561,53.74
32.4181,-24.7054,25.54,32.4181,24.3695,54.1
32.5799,-24.8206,25.66,32.5799,24.4828,54.46
32.7416,-24.9359,25.78,32.7416,24.5961,54.82
32.9034,-25.0511,25.9,32.9034,24.7094,55.18
33.0652,-25.1663,26.02,33.0652,24.8228,55.54
33.227,-25.2815,26.14,33.227,24.9361,55.9
33.3888,-25.3968,26.26,33.3888,25.0494,56.26
33.5506,-25.512,26.3799,33.5506,25.1628,56.62
33.7124,-25.6272,26.4999,33.7124,25.2761,56.98
33.8742,-25.7424,26.6199,33.8742,25.3894,57.34
34.036,-25.8576,26.7399,34.036,25.5027,57.7
34.1978,-25.9729,26.8599,34.1978,25.6161,58.06
34.3596,-26.0881,26.9799,34.3596,25.7294,58.42
34.5214,-26.2033,27.0999,34.5214,25.8427,58.78
34.6832,-26.3185,27.2199,34.6832,25.956,59.14
34.845,-26.4338,27.3398,34.845,26.0694,59.5
35.0068,-26.549,27.4598,35.0068,26.1827,59.86
35.1686,-26.6642,27.5798,35.1686,26.296,60.22
35.3304,-26.7794,27.6998,35.3304,26.4093,60.58
35.4922,-26.8947,27.8198,35.4922,26.5227,60.94
35.654,-27.0099,27.9398,35.654,26.636,61.3
35.8158,-27.1251,28.0598,35.8158,26.7493,61.66
35.9776,-27.2403,28.1798,35.9776,26.8626,62.02
36.1394,-27.3556,28.2997,36.1394,26.976,62.38
36.3012,-27.4708,28.4197,36.3012,27.0893,62.74
36.463,-27.586,28.5397,36.463,27.2026,63.1
36.6248,-27.7012,28.6597,36.6248,27.3159,63.46
36.7866,-27.8165,28.7797,36.7866,27.4293,63.82
36.9484,-27.9317,28.8997,36.9484,27.5426,64.18
37.1102,-28.0469,29.0197,37.1102,27.6559,64.54
37.272,-28.1621,29.1396,37.272,27.7692,64.9
37.4338,-28.2774,29.2596,37.4338,27.8826,65.26
37.5956,-28.3926,29.3796,37.5956,27.9959,65.62
37.7574,-28.5078,29.4996,37.7574,28.1092,65.98
37.9192,-28.623,29.6196,37.9192,28.2226,66.34
38.081,-28.7383,29.7396,38.081,28.3359,66.7
38.2428,-28.8535,29.8596,38.2428,28.4492,67.06
38.4046,-28.9687,29.9796,38.4046,28.5625,67.42
38.5664,-29.0839,30.0995,38.5664,28.6759,67.78
38.7282,-29.1992,30.2195,38.7282,28.7892,68.14
38.89,-29.3144,30.3395,38.89,28.9025,68.5
39.0518,-29.4296,30.4595,39.0518,29.0158,68.86
39.2136,-29.5448,30.5795,39.2136,29.1292,69.22
39.3753,-29.6601,30.6995,39.3753,29.2425,69.58
39.5371,-29.7753,30.8195,39.5371,29.3558,69.94
39.6989,-29.8905,30.9394,39.6989,29.4691,70.3
39.8607,-30.0057,31.0594,39.8607,29.5825,70.66
40.0225,-30.121,31.1794,40.0225,29.6958,71.02
40.1843,-30.2362,31.2994,40.1843,29.8091,71.38
40.3461,-30.3514,31.4194,40.3461,29.9224,71.74
40.5079,-30.4666,31.5394,40.5079,30.0358,72.1
40.6697,-30.5819,31.6594,40.6697,30.1491,72.46
40.8315,-30.6971,31.7794,40.8315,30.2624,72.82
40.9933,-30.8123,31.8993,40.9933,30.3757,73.18
41.1551,-30.9275,32.0193,41.1551,30.4891,73.54
41.3169,-31.0428,32.1393,41.3169,30.6024,73.9
41.4787,-31.158,32.2593,41.4787,30.7157,74.26
41.6405,-31.2732,32.3793,41.6405,30.829,74.62
41.8023,-31.3884,32.4993,41.8023,30.9424,74.98
41.9641,-31.5037,32.6193,41.9641,31.0557,75.34
42.1259,-31.6189,32.7392,42.1259,31.169,75.7
42.2877,-31.7341,32.8592,42.2877,31.2823,76.06
42.4495,-31.8493,32.9792,42.4495,31.3957,76.42
42.6113,-31.9646,33.0992,42.6113,31.509,76.78
42.7731,-32.0798,33.2192,42.7731,31.6223,77.14
42.9349,-32.195,33.3392,42.9349,31.7357,77.5
43.0967,-32.3102,33.4592,43.0967,31.849,77.86
43.2585,-32.4255,33.5792,43.2585,31.9623,78.22
43.4203,-32.5407,33.6991,43.4203,32.0756,78.58
43.5821,-32.6559,33.8191,43.5821,32.189,78.94
43.7439,-32.7711,33.9391,43.7439,32.3023,79.3
43.9057,-32.8864,34.0591,43.9057,32.4156,79.66
44.0675,-33.0016,34.1791,44.0675,32.5289,80.02
44.2293,-33.1168,34.2991,44.2293,32.6423,80.38
44.3911,-33.232,34.4191,44.3911,32.7556,80.74
44.5529,-33.3473,34.5391,44.5529,32.8689,81.1
44.7147,-33.4625,34.659,44.7147,32.9822,81.46
44.8765,-33.5777,34.779,44.8765,33.0956,81.82
45.0383,-33.6929,34.899,45.0383,33.2089,82.18
45.2001,-33.8082,35.019,45.2001,33.3222,82.54
45.3619,-33.9234,35.139,45.3619,33.4355,82.9
45.5237,-34.0386,35.259,45.5237,33.5489,83.26
45.6855,-34.1538,35.379,45.6855,33.6622,83.62
45.8473,-34.2691,35.4989,45.8473,33.7755,83.98
46.009,-34.3843,35.6189,46.009,33.8888,84.34
46.1708,-34.4995,35.7389,46.1708,34.0022,84.7
46.3326,-34.6147,35.8589,46.3326,34.1155,85.06
46.4944,-34.73,35.9789,46.4944,34.2288,85.42
46.6562,-34.8452,36.0989,46.6562,34.3421,85.78
46.818,-34.9604,36.2189,46.818,34.4555,86.14
46.9798,-35.0756,36.3389,46.9798,34.5688,86.5
47.1416,-35.1909,36.4588,47.1416,34.6821,86.86
47.3034,-35.3061,36.5788,47.3034,34.7954,87.22
47.4652,-35.4213,36.6988,47.4652,34.9088,87.58
47.627,-35.5365,36.8188,47.627,35.0221,87.94
47.7888,-35.6518,36.9388,47.7888,35.1354,88.3
47.9506,-35.767,37.0588,47.9506,35.2488,88.66
48.1124,-35.8822,37.1788,48.1124,35.3621,89.02
48.2742,-35.9974,37.2987,48.2742,35.4754,89.38
48.436,-36.1127,37.4187,48.436,35.5887,89.74
48.5978,-36.2279,37.5387,48.5978,35.7021,90.1
48.7596,-36.3431,37.6587,48.7596,35.8154,90.46
48.9214,-36.4583,37.7787,48.9214,35.9287,90.82
49.0832,-36.5736,37.8987,49.0832,36.042,91.18
49.245,-36.6888,38.0187,49.245,36.1554,91.54
49.4068,-36.804,38.1387,49.4068,36.2687,91.9
49.5686,-36.9192,38.2586,49.5686,36.382,92.26
49.7304,-37.0344,38.3786,49.7304,36.4953,92.62
49.8922,-37.1497,38.4986,49.8922,36.6087,92.98
50.054,-37.2649,38.6186,50.054,36.722,93.34
50.2158,-37.3801,38.7386,50.2158,36.8353,93.7
50.3776,-37.4953,38.8586,50.3776,36.9486,94.06
50.5394,-37.6106,38.9786,50.5394,37.062,94.42
50.7012,-37.7258,39.0985,50.7012,37.1753,94.78
50.863,-37.841,39.2185,50.863,37.2886,95.14
51.0248,-37.9562,39.3385,51.0248,37.4019,95.5
51.1866,-38.0715,39.4585,51.1866,37.5153,95.86
51.3484,-38.1867,39.5785,51.3484,37.6286,96.22
51.5102,-38.3019,39.6985,51.5102,37.7419,96.58
51.672,-38.4171,39.8185,51.672,37.8552,96.94
51.8338,-38.5324,39.9385,51.8338,37.9686,97.3
51.9956,-38.6476,40.0584,51.9956,38.0819,97.66
52.1574,-38.7628,40.1784,52.1574,38.1952,98.02
52.3192,-38.878,40.2984,52.3192,38.3086,98.38
52.4809,-38.9933,40.4184,52.4809,38.4219,98.74
52.6427,-39.1085,40.5384,52.6427,38.5352,99.1
52.8045,-39.2237,40.6584,52.8045,38.6485,99.46
52.9663,-39.3389,40.7784,52.9663,38.7619,99.82
53.1281,-39.4542,40.8983,53.1281,38.8752,100.18
53.2899,-39.5694,41.0183,53.2899,38.9885,100.54
53.4517,-39.6846,41.1383,53.4517,39.1018,100.9
53.6135,-39.7998,41.2583,53.6135,39.2152,101.26
53.7753,-39.9151,41.3783,53.7753,39.3285,101.62
53.9371,-40.0303,41.4983,53.9371,39.4418,101.98
54.0989,-40.1455,41.6183,54.0989,39.5551,102.34
54.2607,-40.2607,41.7383,54.2607,39.6685,102.7
54.4225,-40.376,41.8582,54.4225,39.7818,103.06
54.5843,-40.4912,41.9782,54.5843,39.8951,103.42
54.7461,-40.6064,42.0982,54.7461,40.0084,103.78
54.9079,-40.7216,42.2182,54.9079,40.1218,104.14
55.0697,-40.8369,42.3382,55.0697,40.2351,104.5
55.2315,-40.9521,42.4582,55.2315,40.3484,104.86
55.3933,-41.0673,42.5782,55.3933,40.4617,105.22
55.5551,-41.1825,42.6982,55.5551,40.5751,105.58
55.7169,-41.2978,42.8181,55.7169,40.6884,105.94
55.8787,-41.413,42.9381,55.8787,40.8017,106.3
56.0405,-41.5282,43.0581,56.0405,40.915,106.66
56.2023,-41.6434,43.1781,56.2023,41.0284,107.02
56.3641,-41.7587,43.2981,56.3641,41.1417,107.38
56.5259,-41.8739,43.4181,56.5259,41.255,107.74
56.6877,-41.9891,43.5381,56.6877,41.3683,108.1
56.8495,-42.1043,43.658,56.8495,41.4817,108.46
57.0113,-42.2196,43.778,57.0113,41.595,108.82
57.1731,-42.3348,43.898,57.1731,41.7083,109.18
57.3349,-42.45,44.018,57.3349,41.8217,109.54
57.4967,-42.5652,44.138,57.4967,41.935,109.9
57.6585,-42.6805,44.258,57.6585,42.0483,110.26
57.8203,-42.7957,44.378,57.8203,42.1616,110.62
57.9821,-42.9109,44.498,57.9821,42.275,110.98
58.1439,-43.0261,44.6179,58.1439,42.3883,111.34
58.3057,-43.1414,44.7379,58.3057,42.5016,111.7
58.4675,-43.2566,44.8579,58.4675,42.6149,112.06
58.6293,-43.3718,44.9779,58.6293,42.7283,112.42
58.7911,-43.487,45.0979,58.7911,42.8416,112.78
58.9529,-43.6023,45.2179,58.9529,42.9549,113.14
59.1146,-43.7175,45.3379,59.1146,43.0682,113.5
59.2764,-43.8327,45.4578,59.2764,43.1816,113.86
59.4382,-43.9479,45.5778,59.4382,43.2949,114.22
59.6,-44.0632,45.6978,59.6,43.4082,114.58
59.7618,-44.1784,45.8178,59.7618,43.5215,114.94
59.9236,-44.2936,45.9378,59.9236,43.6349,115.3
60.0854,-44.4088,46.0578,60.0854,43.7482,115.66
60.2472,-44.5241,46.1778,60.2472,43.8615,116.02
60.409,-44.6393,46.2978,60.409,43.9748,116.38
60.5708,-44.7545,46.4177,60.5708,44.0882,116.74
60.7326,-44.8697,46.5377,60.7326,44.2015,117.1
60.8944,-44.985,46.6577,60.8944,44.3148,117.46
61.0562,-45.1002,46.7777,61.0562,44.4281,117.82
61.218,-45.2154,46.8977,61.218,44.5415,118.18
61.3798,-45.3306,47.0177,61.3798,44.6548,118.54
61.5416,-45.4459,47.1377,61.5416,44.7681,118.9
61.7034,-45.5611,47.2576,61.7034,44.8814,119.26
61.8652,-45.6763,47.3776,61.8652,44.9948,119.62
62.027,-45.7915,47.4976,62.027,45.1081,119.98
62.1888,-45.9068,47.6176,62.1888,45.2214,120.34
62.3506,-46.022,47.7376,62.3506,45.3348,120.7
62.5124,-46.1372,47.8576,62.5124,45.4481,121.06
62.6742,-46.2524,47.9776,62.6742,45.5614,121.42
62.836,-46.3677,48.0976,62.836,45.6747,121.78
62.9978,-46.4829,48.2175,62.9978,45.7881,122.14
63.1596,-46.5981,48.3375,63.1596,45.9014,122.5
63.3214,-46.7133,48.4575,63.3214,46.0147,122.86
63.4832,-46.8286,48.5775,63.4832,46.128,123.22
63.645,-46.9438,48.6975,63.645,46.2414,123.58
63.8068,-47.059,48.8175,63.8068,46.3547,123.94
63.9686,-47.1742,48.9375,63.9686,46.468,124.3
64.1304,-47.2895,49.0575,64.1304,46.5813,124.66
64.2922,-47.4047,49.1774,64.2922,46.6947,125.02
64.454,-47.5199,49.2974,64.454,46.808,125.38
64.6158,-47.6351,49.4174,64.6158,46.9213,125.74
64.7776,-47.7503,49.5374,64.7776,47.0346,126.1
64.9394,-47.8656,49.6574,64.9394,47.148,126.46
65.1012,-47.9808,49.7774,65.1012,47.2613,126.82
65.263,-48.096,49.8974,65.263,47.3746,127.18
65.4248,-48.2112,50.0173,65.4248,47.4879,127.54
65.5866,-48.3265,50.1373,65.5866,47.6013,127.9
65.7483,-48.4417,50.2573,65.7483,47.7146,128.26
65.9101,-48.5569,50.3773,65.9101,47.8279,128.62
66.0719,-48.6721,50.4973,66.0719,47.9412,128.98
66.2337,-48.7874,50.6173,66.2337,48.0546,129.34
66.3955,-48.9026,50.7373,66.3955,48.1679,129.7
66.5573,-49.0178,50.8573,66.5573,48.2812,130.06
66.7191,-49.133,50.9772,66.7191,48.3946,130.42
66.8809,-49.2483,51.0972,66.8809,48.5079,130.78
67.0427,-49.3635,51.2172,67.0427,48.6212,131.14
67.2045,-49.4787,51.3372,67.2045,48.7345,131.5
67.3663,-49.5939,51.4572,67.3663,48.8479,131.86
67.5281,-49.7092,51.5772,67.5281,48.9612,132.22
67.6899,-49.8244,51.6972,67.6899,49.0745,132.58
67.8517,-49.9396,51.8171,67.8517,49.1878,132.94
68.0135,-50.0548,51.9371,68.0135,49.3012,133.3
68.1753,-50.1701,52.0571,68.1753,49.4145,133.66
68.3371,-50.2853,52.1771,68.3371,49.5278,134.02
68.4989,-50.4005,52.2971,68.4989,49.6411,134.38
68.6607,-50.5157,52.4171,68.6607,49.7545,134.74
68.8225,-50.631,52.5371,68.8225,49.8678,135.1
68.9843,-50.7462,52.6571,68.9843,49.9811,135.46
69.1461,-50.8614,52.777,69.1461,50.0944,135.82
69.3079,-50.9766,52.897,69.3079,50.2078,136.18
69.4697,-51.0919,53.017,69.4697,50.3211,136.54
69.6315,-51.2071,53.137,69.6315,50.4344,136.9
69.7933,-51.3223,53.257,69.7933,50.5477,137.26
69.9551,-51.4375,53.377,69.9551,50.6611,137.62
70.1169,-51.5528,53.497,70.1169,50.7744,137.98
70.2787,-51.668,53.6169,70.2787,50.8877,138.34
70.4405,-51.7832,53.7369,70.4405,51.001,138.7
70.6023,-51.8984,53.8569,70.6023,51.1144,139.06
70.7641,-52.0137,53.9769,70.7641,51.2277,139.42
70.9259,-52.1289,54.0969,70.9259,51.341,139.78
71.0877,-52.2441,54.2169,71.0877,51.4543,140.14
71.2495,-52.3593,54.3369,71.2495,51.5677,140.5
71.4113,-52.4746,54.4569,71.4113,51.681,140.86
71.5731,-52.5898,54.5768,71.5731,51.7943,141.22
71.7349,-52.705,54.6968,71.7349,51.9077,141.58
71.8967,-52.8202,54.8168,71.8967,52.021,141.94
72.0585,-52.9355,54.9368,72.0585,52.1343,142.3
72.2202,-53.0507,55.0568,72.2202,52.2476,142.66
72.382,-53.1659,55.1768,72.382,52.361,143.02
72.5438,-53.2811,55.2968,72.5438,52.4743,143.38
72.7056,-53.3964,55.4168,72.7056,52.5876,143.74
72.8674,-53.5116,55.5367,72.8674,52.7009,144.1
73.0292,-53.6268,55.6567,73.0292,52.8143,144.46
73.191,-53.742,55.7767,73.191,52.9276,144.82
73.3528,-53.8573,55.8967,73.3528,53.0409,145.18
73.5146,-53.9725,56.0167,73.5146,53.1542,145.54
73.6764,-54.0877,56.1367,73.6764,53.2676,145.9
73.8382,-54.2029,56.2567,73.8382,53.3809,146.26
74,-54.3182,56.3766,74,53.4942,146.62
74.1618,-54.4334,56.4966,74.1618,53.6075,146.98
74.3236,-54.5486,56.6166,74.3236,53.7209,147.34
74.4854,-54.6638,56.7366,74.4854,53.8342,147.7
74.6472,-54.7791,56.8566,74.6472,53.9475,148.06
74.809,-54.8943,56.9766,74.809,54.0608,148.42
74.9708,-55.0095,57.0966,74.9708,54.1742,148.78
75.1326,-55.1247,57.2166,75.1326,54.2875,149.14
75.2944,-55.24,57.3365,75.2944,54.4008,149.5
75.4562,-55.3552,57.4565,75.4562,54.5141,149.86
75.618,-55.4704,57.5765,75.618,54.6275,150.22
75.7798,-55.5856,57.6965,75.7798,54.7408,150.58
75.9416,-55.7009,57.8165,75.9416,54.8541,150.94
76.1034,-55.8161,57.9365,76.1034,54.9675,151.3
76.2652,-55.9313,58.0565,76.2652,55.0808,151.66
76.427,-56.0465,58.1764,76.427,55.1941,152.02
76.5888,-56.1618,58.2964,76.5888,55.3074,152.38
76.7506,-56.277,58.4164,76.7506,55.4208,152.74
76.9124,-56.3922,58.5364,76.9124,55.5341,153.1
77.0742,-56.5074,58.6564,77.0742,55.6474,153.46
77.236,-56.6227,58.7764,77.236,55.7607,153.82
77.3978,-56.7379,58.8964,77.3978,55.8741,154.18
77.5596,-56.8531,59.0164,77.5596,55.9874,154.54
77.7214,-56.9683,59.1363,77.7214,56.1007,154.9
77.8832,-57.0836,59.2563,77.8832,56.214,155.26
78.045,-57.1988,59.3763,78.045,56.3274,155.62
78.2068,-57.314,59.4963,78.2068,56.4407,155.98
78.3686,-57.4292,59.6163,78.3686,56.554,156.34
78.5304,-57.5445,59.7363,78.5304,56.6673,156.7
78.6922,-57.6597,59.8563,78.6922,56.7807,157.06
78.8539,-57.7749,59.9762,78.8539,56.894,157.42
79.0157,-57.8901,60.0962,79.0157,57.0073,157.78
79.1775,-58.0054,60.2162,79.1775,57.1206,158.14
79.3393,-58.1206,60.3362,79.3393,57.234,158.5
79.5011,-58.2358,60.4562,79.5011,57.3473,158.86
79.6629,-58.351,60.5762,79.6629,57.4606,159.22
79.8247,-58.4662,60.6962,79.8247,57.5739,159.58
79.9865,-58.5815,60.8162,79.9865,57.6873,159.94
80.1483,-58.6967,60.9361,80.1483,57.8006,160.3
80.3101,-58.8119,61.0561,80.3101,57.9139,160.66
80.4719,-58.9271,61.1761,80.4719,58.0272,161.02
80.6337,-59.0424,61.2961,80.6337,58.1406,161.38
80.7955,-59.1576,61.4161,80.7955,58.2539,161.74
80.9573,-59.2728,61.5361,80.9573,58.3672,162.1
81.1191,-59.388,61.6561,81.1191,58.4806,162.46
81.2809,-59.5033,61.776,81.2809,58.5939,162.82
81.4427,-59.6185,61.896,81.4427,58.7072,163.18
81.6045,-59.7337,62.016,81.6045,58.8205,163.54
81.7663,-59.8489,62.136,81.7663,58.9339,163.9
81.9281,-59.9642,62.256,81.9281,59.0472,164.26
82.0899,-60.0794,62.376,82.0899,59.1605,164.62
82.2517,-60.1946,62.496,82.2517,59.2738,164.98
82.4135,-60.3098,62.616,82.4135,59.3872,165.34
82.5753,-60.4251,62.7359,82.5753,59.5005,165.7
82.7371,-60.5403,62.8559,82.7371,59.6138,166.06
82.8989,-60.6555,62.9759,82.8989,59.7271,166.42
83.0607,-60.7707,63.0959,83.0607,59.8405,166.78
83.2225,-60.886,63.2159,83.2225,59.9538,167.14
83.3843,-61.0012,63.3359,83.3843,60.0671,167.5
83.5461,-61.1164,63.4559,83.5461,60.1804,167.86
83.7079,-61.2316,63.5759,83.7079,60.2938,168.22
83.8697,-61.3469,63.6958,83.8697,60.4071,168.58
84.0315,-61.4621,63.8158,84.0315,60.5204,168.94
84.1933,-61.5773,63.9358,84.1933,60.6337,169.3
84.3551,-61.6925,64.0558,84.3551,60.7471,169.66
84.5169,-61.8078,64.1758,84.5169,60.8604,170.02
84.6787,-61.923,64.2958,84.6787,60.9737,170.38
84.8405,-62.0382,64.4158,84.8405,61.087,170.74
85.0023,-62.1534,64.5357,85.0023,61.2004,171.1
85.1641,-62.2687,64.6557,85.1641,61.3137,171.46
85.3259,-62.3839,64.7757,85.3259,61.427,171.82
85.4876,-62.4991,64.8957,85.4876,61.5403,172.18
85.6494,-62.6143,65.0157,85.6494,61.6537,172.54
85.8112,-62.7296,65.1357,85.8112,61.767,172.9
85.973,-62.8448,65.2557,85.973,61.8803,173.26
86.1348,-62.96,65.3757,86.1348,61.9937,173.62
86.2966,-63.0752,65.4956,86.2966,62.107,173.98
86.4584,-63.1905,65.6156,86.4584,62.2203,174.34
86.6202,-63.3057,65.7356,86.6202,62.3336,174.7
86.782,-63.4209,65.8556,86.782,62.447,175.06
86.9438,-63.5361,65.9756,86.9438,62.5603,175.42
87.1056,-63.6514,66.0956,87.1056,62.6736,175.78
87.2674,-63.7666,66.2156,87.2674,62.7869,176.14
87.4292,-63.8818,66.3355,87.4292,62.9003,176.5
87.591,-63.997,66.4555,87.591,63.0136,176.86
87.7528,-64.1123,66.5755,87.7528,63.1269,177.22
87.9146,-64.2275,66.6955,87.9146,63.2402,177.58
88.0764,-64.3427,66.8155,88.0764,63.3536,177.94
88.2382,-64.4579,66.9355,88.2382,63.4669,178.3
88.4,-64.5732,67.0555,88.4,63.5802,178.66
88.5618,-64.6884,67.1755,88.5618,63.6935,179.02
88.7236,-64.8036,67.2954,88.7236,63.8069,179.38
88.8854,-64.9188,67.4154,88.8854,63.9202,179.74
89.0472,-65.0341,67.5354,89.0472,64.0335,180.1
89.209,-65.1493,67.6554,89.209,64.1468,180.46
89.3708,-65.2645,67.7754,89.3708,64.2602,180.82
89.5326,-65.3797,67.8954,89.5326,64.3735,181.18
89.6944,-65.495,68.0154,89.6944,64.4868,181.54
89.8562,-65.6102,68.1353,89.8562,64.6001,181.9
90.018,-65.7254,68.2553,90.018,64.7135,182.26
90.1798,-65.8406,68.3753,90.1798,64.8268,182.62
90.3416,-65.9559,68.4953,90.3416,64.9401,182.98
90.5034,-66.0711,68.6153,90.5034,65.0535,183.34
90.6652,-66.1863,68.7353,90.6652,65.1668,183.7
90.827,-66.3015,68.8553,90.827,65.2801,184.06
90.9888,-66.4168,68.9753,90.9888,65.3934,184.42
91.1506,-66.532,69.0952,91.1506,65.5068,184.78
91.3124,-66.6472,69.2152,91.3124,65.6201,185.14
91.4742,-66.7624,69.3352,91.4742,65.7334,185.5
91.636,-66.8777,69.4552,91.636,65.8467,185.86
91.7978,-66.9929,69.5752,91.7978,65.9601,186.22
91.9595,-67.1081,69.6952,91.9595,66.0734,186.58
92.1213,-67.2233,69.8152,92.1213,66.1867,186.94
92.2831,-67.3386,69.9352,92.2831,66.3,187.3
92.4449,-67.4538,70.0551,92.4449,66.4134,187.66
92.6067,-67.569,70.1751,92.6067,66.5267,188.02
92.7685,-67.6842,70.2951,92.7685,66.64,188.38
92.9303,-67.7995,70.4151,92.9303,66.7533,188.74
93.0921,-67.9147,70.5351,93.0921,66.8667,189.1
93.2539,-68.0299,70.6551,93.2539,66.98,189.46
93.4157,-68.1451,70.7751,93.4157,67.0933,189.82
93.5775,-68.2604,70.895,93.5775,67.2066,190.18
93.7393,-68.3756,71.015,93.7393,67.32,190.54
93.9011,-68.4908,71.135,93.9011,67.4333,190.9
94.0629,-68.606,71.255,94.0629,67.5466,191.26
94.2247,-68.7213,71.375,94.2247,67.6599,191.62
94.3865,-68.8365,71.495,94.3865,67.7733,191.98
94.5483,-68.9517,71.615,94.5483,67.8866,192.34
94.7101,-69.0669,71.735,94.7101,67.9999,192.7
94.8719,-69.1821,71.8549,94.8719,68.1132,193.06
95.0337,-69.2974,71.9749,95.0337,68.2266,193.42
95.1955,-69.4126,72.0949,95.1955,68.3399,193.78
95.3573,-69.5278,72.2149,95.3573,68.4532,194.14
95.5191,-69.643,72.3349,95.5191,68.5666,194.5
95.6809,-69.7583,72.4549,95.6809,68.6799,194.86
95.8427,-69.8735,72.5749,95.8427,68.7932,195.22
96.0045,-69.9887,72.6948,96.0045,68.9065,195.58
96.1663,-70.1039,72.8148,96.1663,69.0199,195.94
96.3281,-70.2192,72.9348,96.3281,69.1332,196.3
96.4899,-70.3344,73.0548,96.4899,69.2465,196.66
96.6517,-70.4496,73.1748,96.6517,69.3598,197.02
96.8135,-70.5648,73.2948,96.8135,69.4732,197.38
96.9753,-70.6801,73.4148,96.9753,69.5865,197.74
97.1371,-70.7953,73.5348,97.1371,69.6998,198.1
97.2989,-70.9105,73.6547,97.2989,69.8131,198.46
97.4607,-71.0257,73.7747,97.4607,69.9265,198.82
97.6225,-71.141,73.8947,97.6225,70.0398,199.18
97.7843,-71.2562,74.0147,97.7843,70.1531,199.54
97.9461,-71.3714,74.1347,97.9461,70.2664,199.9
98.1079,-71.4866,74.2547,98.1079,70.3798,200.26
98.2697,-71.6019,74.3747,98.2697,70.4931,200.62
98.4315,-71.7171,74.4946,98.4315,70.6064,200.98
98.5932,-71.8323,74.6146,98.5932,70.7197,201.34
98.755,-71.9475,74.7346,98.755,70.8331,201.7
98.9168,-72.0628,74.8546,98.9168,70.9464,202.06
99.0786,-72.178,74.9746,99.0786,71.0597,202.42
99.2404,-72.2932,75.0946,99.2404,71.173,202.78
99.4022,-72.4084,75.2146,99.4022,71.2864,203.14
99.564,-72.5237,75.3346,99.564,71.3997,203.5
99.7258,-72.6389,75.4545,99.7258,71.513,203.86
99.8876,-72.7541,75.5745,99.8876,71.6263,204.22
100.049,-72.8693,75.6945,100.049,71.7397,204.58
100.211,-72.9846,75.8145,100.211,71.853,204.94
100.373,-73.0998,75.9345,100.373,71.9663,205.3
100.535,-73.215,76.0545,100.535,72.0797,205.66
100.697,-73.3302,76.1745,100.697,72.193,206.02
100.858,-73.4455,76.2944,100.858,72.3063,206.38
101.02,-73.5607,76.4144,101.02,72.4196,206.74
101.182,-73.6759,76.5344,101.182,72.533,207.1
101.344,-73.7911,76.6544,101.344,72.6463,207.46
101.506,-73.9064,76.7744,101.506,72.7596,207.82
101.667,-74.0216,76.8944,101.667,72.8729,208.18
101.829,-74.1368,77.0144,101.829,72.9863,208.54
101.991,-74.252,77.1344,101.991,73.0996,208.9
102.153,-74.3673,77.2543,102.153,73.2129,209.26
102.315,-74.4825,77.3743,102.315,73.3262,209.62
102.476,-74.5977,77.4943,102.476,73.4396,209.98
102.638,-74.7129,77.6143,102.638,73.5529,210.34
102.8,-74.8282,77.7343,102.8,73.6662,210.7
102.962,-74.9434,77.8543,102.962,73.7795,211.06
103.124,-75.0586,77.9743,103.124,73.8929,211.42
103.285,-75.1738,78.0943,103.285,74.0062,211.78
103.447,-75.2891,78.2142,103.447,74.1195,212.14
103.609,-75.4043,78.3342,103.609,74.2328,212.5
103.771,-75.5195,78.4542,103.771,74.3462,212.86
103.933,-75.6347,78.5742,103.933,74.4595,213.22
104.094,-75.75,78.6942,104.094,74.5728,213.58
104.256,-75.8652,78.8142,104.256,74.6861,213.94
104.418,-75.9804,78.9342,104.418,74.7995,214.3
104.58,-76.0956,79.0541,104.58,74.9128,214.66
104.742,-76.2109,79.1741,104.742,75.0261,215.02
104.903,-76.3261,79.2941,104.903,75.1395,215.38
105.065,-76.4413,79.4141,105.065,75.2528,215.74
105.227,-76.5565,79.5341,105.227,75.3661,216.1
105.389,-76.6718,79.6541,105.389,75.4794,216.46
105.551,-76.787,79.7741,105.551,75.5928,216.82
105.712,-76.9022,79.8941,105.712,75.7061,217.18
105.874,-77.0174,80.014,105.874,75.8194,217.54
106.036,-77.1327,80.134,106.036,75.9327,217.9
106.198,-77.2479,80.254,106.198,76.0461,218.26
106.36,-77.3631,80.374,106.36,76.1594,218.62
106.521,-77.4783,80.494,106.521,76.2727,218.98
106.683,-77.5936,80.614,106.683,76.386,219.34
106.845,-77.7088,80.734,106.845,76.4994,219.7
107.007,-77.824,80.8539,107.007,76.6127,220.06
107.169,-77.9392,80.9739,107.169,76.726,220.42
107.33,-78.0545,81.0939,107.33,76.8393,220.78
107.492,-78.1697,81.2139,107.492,76.9527,221.14
107.654,-78.2849,81.3339,107.654,77.066,221.5
107.816,-78.4001,81.4539,107.816,77.1793,221.86
107.978,-78.5154,81.5739,107.978,77.2926,222.22
108.139,-78.6306,81.6939,108.139,77.406,222.58
108.301,-78.7458,81.8138,108.301,77.5193,222.94
108.463,-78.861,81.9338,108.463,77.6326,223.3
108.625,-78.9763,82.0538,108.625,77.7459,223.66
108.786,-79.0915,82.1738,108.786,77.8593,224.02
108.948,-79.2067,82.2938,108.948,77.9726,224.38
109.11,-79.3219,82.4138,109.11,78.0859,224.74
109.272,-79.4372,82.5338,109.272,78.1992,225.1
109.434,-79.5524,82.6537,109.434,78.3126,225.46
109.595,-79.6676,82.7737,109.595,78.4259,225.82
109.757,-79.7828,82.8937,109.757,78.5392,226.18
109.919,-79.898,83.0137,109.919,78.6526,226.54
110.081,-80.0133,83.1337,110.081,78.7659,226.9
110.243,-80.1285,83.2537,110.243,78.8792,227.26
110.404,-80.2437,83.3737,110.404,78.9925,227.62
110.566,-80.3589,83.4937,110.566,79.1059,227.98
110.728,-80.4742,83.6136,110.728,79.2192,228.34
110.89,-80.5894,83.7336,110.89,79.3325,228.7
111.052,-80.7046,83.8536,111.052,79.4458,229.06
111.213,-80.8198,83.9736,111.213,79.5592,229.42
111.375,-80.9351,84.0936,111.375,79.6725,229.78
111.537,-81.0503,84.2136,111.537,79.7858,230.14
111.699,-81.1655,84.3336,111.699,79.8991,230.5
111.861,-81.2807,84.4536,111.861,80.0125,230.86
112.022,-81.396,84.5735,112.022,80.1258,231.22
112.184,-81.5112,84.6935,112.184,80.2391,231.58
112.346,-81.6264,84.8135,112.346,80.3524,231.94
112.508,-81.7416,84.9335,112.508,80.4658,232.3
112.67,-81.8569,85.0535,112.67,80.5791,232.66
112.831,-81.9721,85.1735,112.831,80.6924,233.02
112.993,-82.0873,85.2935,112.993,80.8057,233.38
113.155,-82.2025,85.4134,113.155,80.9191,233.74
113.317,-82.3178,85.5334,113.317,81.0324,234.1
113.479,-82.433,85.6534,113.479,81.1457,234.46
113.64,-82.5482,85.7734,113.64,81.259,234.82
113.802,-82.6634,85.8934,113.802,81.3724,235.18
113.964,-82.7787,86.0134,113.964,81.4857,235.54
114.126,-82.8939,86.1334,114.126,81.599,235.9
114.288,-83.0091,86.2534,114.288,81.7123,236.26
114.449,-83.1243,86.3733,114.449,81.8257,236.62
114.611,-83.2396,86.4933,114.611,81.939,236.98
114.773,-83.3548,86.6133,114.773,82.0523,237.34
114.935,-83.47,86.7333,114.935,82.1657,237.7
115.097,-83.5852,86.8533,115.097,82.279,238.06
115.258,-83.7005,86.9733,115.258,82.3923,238.42
115.42,-83.8157,87.0933,115.42,82.5056,238.78
115.582,-83.9309,87.2132,115.582,82.619,239.14
115.744,-84.0461,87.3332,115.744,82.7323,239.5
115.906,-84.1614,87.4532,115.906,82.8456,239.86
116.067,-84.2766,87.5732,116.067,82.9589,240.22
116.229,-84.3918,87.6932,116.229,83.0723,240.58
116.391,-84.507,87.8132,116.391,83.1856,240.94
116.553,-84.6223,87.9332,116.553,83.2989,241.3
116.715,-84.7375,88.0532,116.715,83.4122,241.66
116.876,-84.8527,88.1731,116.876,83.5256,242.02
117.038,-84.9679,88.2931,117.038,83.6389,242.38
117.2,-85.0832,88.4131,117.2,83.7522,242.74
117.362,-85.1984,88.5331,117.362,83.8655,243.1
117.524,-85.3136,88.6531,117.524,83.9789,243.46
117.685,-85.4288,88.7731,117.685,84.0922,243.82
117.847,-85.5441,88.8931,117.847,84.2055,244.18
118.009,-85.6593,89.013,118.009,84.3188,244.54
118.171,-85.7745,89.133,118.171,84.4322,244.9
118.333,-85.8897,89.253,118.333,84.5455,245.26
118.494,-86.005,89.373,118.494,84.6588,245.62
118.656,-86.1202,89.493,118.656,84.7721,245.98
118.818,-86.2354,89.613,118.818,84.8855,246.34
118.98,-86.3506,89.733,118.98,84.9988,246.7
119.142,-86.4659,89.853,119.142,85.1121,247.06
119.303,-86.5811,89.9729,119.303,85.2255,247.42
119.465,-86.6963,90.0929,119.465,85.3388,247.78
119.627,-86.8115,90.2129,119.627,85.4521,248.14
119.789,-86.9268,90.3329,119.789,85.5654,248.5
119.951,-87.042,90.4529,119.951,85.6788,248.86
120.112,-87.1572,90.5729,120.112,85.7921,249.22
120.274,-87.2724,90.6929,120.274,85.9054,249.58
120.436,-87.3877,90.8129,120.436,86.0187,249.94
120.598,-87.5029,90.9328,120.598,86.1321,250.3
120.76,-87.6181,91.0528,120.76,86.2454,250.66
120.921,-87.7333,91.1728,120.921,86.3587,251.02
121.083,-87.8486,91.2928,121.083,86.472,251.38
121.245,-87.9638,91.4128,121.245,86.5854,251.74
121.407,-88.079,91.5328,121.407,86.6987,252.1
121.568,-88.1942,91.6528,121.568,86.812,252.46
121.73,-88.3095,91.7727,121.73,86.9253,252.82
121.892,-88.4247,91.8927,121.892,87.0387,253.18
122.054,-88.5399,92.0127,122.054,87.152,253.54
122.216,-88.6551,92.1327,122.216,87.2653,253.9
122.377,-88.7704,92.2527,122.377,87.3786,254.26
122.539,-88.8856,92.3727,122.539,87.492,254.62
122.701,-89.0008,92.4927,122.701,87.6053,254.98
122.863,-89.116,92.6127,122.863,87.7186,255.34
123.025,-89.2313,92.7326,123.025,87.8319,255.7
123.186,-89.3465,92.8526,123.186,87.9453,256.06
123.348,-89.4617,92.9726,123.348,88.0586,256.42
123.51,-89.5769,93.0926,123.51,88.1719,256.78
123.672,-89.6922,93.2126,123.672,88.2852,257.14
123.834,-89.8074,93.3326,123.834,88.3986,257.5
123.995,-89.9226,93.4526,123.995,88.5119,257.86
124.157,-90.0378,93.5725,124.157,88.6252,258.22
124.319,-90.1531,93.6925,124.319,88.7386,258.58
124.481,-90.2683,93.8125,124.481,88.8519,258.94
124.643,-90.3835,93.9325,124.643,88.9652,259.3
124.804,-90.4987,94.0525,124.804,89.0785,259.66
124.966,-90.6139,94.1725,124.966,89.1919,260.02
125.128,-90.7292,94.2925,125.128,89.3052,260.38
125.29,-90.8444,94.4125,125.29,89.4185,260.74
125.452,-90.9596,94.5324,125.452,89.5318,261.1
125.613,-91.0748,94.6524,125.613,89.6452,261.46
125.775,-91.1901,94.7724,125.775,89.7585,261.82
125.937,-91.3053,94.8924,125.937,89.8718,262.18
126.099,-91.4205,95.0124,126.099,89.9851,262.54
126.261,-91.5357,95.1324,126.261,90.0985,262.9
126.422,-91.651,95.2524,126.422,90.2118,263.26
126.584,-91.7662,95.3723,126.584,90.3251,263.62
126.746,-91.8814,95.4923,126.746,90.4384,263.98
126.908,-91.9966,95.6123,126.908,90.5518,264.34
127.07,-92.1119,95.7323,127.07,90.6651,264.7
127.231,-92.2271,95.8523,127.231,90.7784,265.06
127.393,-92.3423,95.9723,127.393,90.8917,265.42
127.555,-92.4575,96.0923,127.555,91.0051,265.78
127.717,-92.5728,96.2123,127.717,91.1184,266.14
127.879,-92.688,96.3322,127.879,91.2317,266.5
128.04,-92.8032,96.4522,128.04,91.345,266.86
128.202,-92.9184,96.5722,128.202,91.4584,267.22
128.364,-93.0337,96.6922,128.364,91.5717,267.58
128.526,-93.1489,96.8122,128.526,91.685,267.94
128.688,-93.2641,96.9322,128.688,91.7983,268.3
128.849,-93.3793,97.0522,128.849,91.9117,268.66
129.011,-93.4946,97.1721,129.011,92.025,269.02
129.173,-93.6098,97.2921,129.173,92.1383,269.38
129.335,-93.725,97.4121,129.335,92.2517,269.74
129.497,-93.8402,97.5321,129.497,92.365,270.1
129.658,-93.9555,97.6521,129.658,92.4783,270.46
129.82,-94.0707,97.7721,129.82,92.5916,270.82
129.982,-94.1859,97.8921,129.982,92.705,271.18
130.144,-94.3011,98.0121,130.144,92.8183,271.54
130.306,-94.4164,98.132,130.306,92.9316,271.9
130.467,-94.5316,98.252,130.467,93.0449,272.26
130.629,-94.6468,98.372,130.629,93.1583,272.62
130.791,-94.762,98.492,130.791,93.2716,272.98
130.953,-94.8773,98.612,130.953,93.3849,273.34
131.115,-94.9925,98.732,131.115,93.4982,273.7
131.276,-95.1077,98.852,131.276,93.6116,274.06
131.438,-95.2229,98.972,131.438,93.7249,274.42
131.6,-95.3382,99.0919,131.6,93.8382,274.78
131.762,-95.4534,99.2119,131.762,93.9515,275.14
131.924,-95.5686,99.3319,131.924,94.0649,275.5
132.085,-95.6838,99.4519,132.085,94.1782,275.86
132.247,-95.7991,99.5719,132.247,94.2915,276.22
132.409,-95.9143,99.6919,132.409,94.4048,276.58
132.571,-96.0295,99.8119,132.571,94.5182,276.94
132.733,-96.1447,99.9318,132.733,94.6315,277.3
132.894,-96.26,100.052,132.894,94.7448,277.66
133.056,-96.3752,100.172,133.056,94.8581,278.02
133.218,-96.4904,100.292,133.218,94.9715,278.38
133.38,-96.6056,100.412,133.38,95.0848,278.74
133.542,-96.7209,100.532,133.542,95.1981,279.1
133.703,-96.8361,100.652,133.703,95.3115,279.46
133.865,-96.9513,100.772,133.865,95.4248,279.82
134.027,-97.0665,100.892,134.027,95.5381,280.18
134.189,-97.1818,101.012,134.189,95.6514,280.54
134.351,-97.297,101.132,134.351,95.7648,280.9
134.512,-97.4122,101.252,134.512,95.8781,281.26
134.674,-97.5274,101.372,134.674,95.9914,281.62
134.836,-97.6427,101.492,134.836,96.1047,281.98
134.998,-97.7579,101.612,134.998,96.2181,282.34
135.159,-97.8731,101.732,135.159,96.3314,282.7
135.321,-97.9883,101.852,135.321,96.4447,283.06
135.483,-98.1036,101.972,135.483,96.558,283.42
135.645,-98.2188,102.092,135.645,96.6714,283.78
135.807,-98.334,102.212,135.807,96.7847,284.14
135.968,-98.4492,102.332,135.968,96.898,284.5
136.13,-98.5645,102.452,136.13,97.0113,284.86
136.292,-98.6797,102.572,136.292,97.1247,285.22
136.454,-98.7949,102.692,136.454,97.238,285.58
136.616,-98.9101,102.812,136.616,97.3513,285.94
136.777,-99.0254,102.932,136.777,97.4646,286.3
136.939,-99.1406,103.052,136.939,97.578,286.66
137.101,-99.2558,103.171,137.101,97.6913,287.02
137.263,-99.371,103.291,137.263,97.8046,287.38
137.425,-99.4863,103.411,137.425,97.9179,287.74
137.586,-99.6015,103.531,137.586,98.0313,288.1
137.748,-99.7167,103.651,137.748,98.1446,288.46
137.91,-99.8319,103.771,137.91,98.2579,288.82
138.072,-99.9472,103.891,138.072,98.3712,289.18
138.234,-100.062,104.011,138.234,98.4846,289.54
138.395,-100.178,104.131,138.395,98.5979,289.9
138.557,-100.293,104.251,138.557,98.7112,290.26
138.719,-100.408,104.371,138.719,98.8246,290.62
138.881,-100.523,104.491,138.881,98.9379,290.98
139.043,-100.639,104.611,139.043,99.0512,291.34
139.204,-100.754,104.731,139.204,99.1645,291.7
139.366,-100.869,104.851,139.366,99.2779,292.06
139.528,-100.984,104.971,139.528,99.3912,292.42
139.69,-101.099,105.091,139.69,99.5045,292.78
139.852,-101.215,105.211,139.852,99.6178,293.14
140.013,-101.33,105.331,140.013,99.7312,293.5
140.175,-101.445,105.451,140.175,99.8445,293.86
140.337,-101.56,105.571,140.337,99.9578,294.22
140.499,-101.676,105.691,140.499,100.071,294.58
140.661,-101.791,105.811,140.661,100.184,294.94
140.822,-101.906,105.931,140.822,100.298,295.3
140.984,-102.021,106.051,140.984,100.411,295.66
141.146,-102.136,106.171,141.146,100.524,296.02
141.308,-102.252,106.291,141.308,100.638,296.38
141.47,-102.367,106.411,141.47,100.751,296.74
141.631,-102.482,106.531,141.631,100.864,297.1
141.793,-102.597,106.651,141.793,100.978,297.46
141.955,-102.713,106.771,141.955,101.091,297.82
142.117,-102.828,106.891,142.117,101.204,298.18
142.279,-102.943,107.011,142.279,101.318,298.54
142.44,-103.058,107.131,142.44,101.431,298.9
142.602,-103.173,107.251,142.602,101.544,299.26
142.764,-103.289,107.371,142.764,101.658,299.62
142.926,-103.404,107.491,142.926,101.771,299.98
143.088,-103.519,107.611,143.088,101.884,300.34
143.249,-103.634,107.731,143.249,101.998,300.7
143.411,-103.75,107.851,143.411,102.111,301.06
143.573,-103.865,107.971,143.573,102.224,301.42
143.735,-103.98,108.091,143.735,102.338,301.78
143.897,-104.095,108.211,143.897,102.451,302.14
144.058,-104.21,108.331,144.058,102.564,302.5
144.22,-104.326,108.451,144.22,102.678,302.86
144.382,-104.441,108.571,144.382,102.791,303.22
144.544,-104.556,108.691,144.544,102.904,303.58
144.706,-104.671,108.811,144.706,103.018,303.94
144.867,-104.787,108.931,144.867,103.131,304.3
145.029,-104.902,109.051,145.029,103.244,304.66
145.191,-105.017,109.171,145.191,103.358,305.02
145.353,-105.132,109.291,145.353,103.471,305.38
145.515,-105.247,109.411,145.515,103.584,305.74
145.676,-105.363,109.531,145.676,103.698,306.1
145.838,-105.478,109.651,145.838,103.811,306.46
146,-105.593,109.771,146,103.924,306.82
146.162,-105.708,109.891,146.162,104.038,307.18
146.324,-105.824,110.011,146.324,104.151,307.54
146.485,-105.939,110.131,146.485,104.264,307.9
146.647,-106.054,110.251,146.647,104.378,308.26
146.809,-106.169,110.371,146.809,104.491,308.62
146.971,-106.285,110.491,146.971,104.604,308.98
147.133,-106.4,110.611,147.133,104.717,309.34
147.294,-106.515,110.731,147.294,104.831,309.7
147.456,-106.63,110.851,147.456,104.944,310.06
147.618,-106.745,110.971,147.618,105.057,310.42
147.78,-106.861,111.091,147.78,105.171,310.78
147.941,-106.976,111.211,147.941,105.284,311.14
148.103,-107.091,111.331,148.103,105.397,311.5
148.265,-107.206,111.451,148.265,105.511,311.859
148.427,-107.322,111.571,148.427,105.624,312.219
148.589,-107.437,111.691,148.589,105.737,312.578
148.75,-107.552,111.811,148.75,105.851,312.937
148.912,-107.667,111.931,148.912,105.964,313.296
149.074,-107.782,112.051,149.074,106.077,313.655
149.236,-107.898,112.17,149.236,106.191,314.014
149.398,-108.013,112.29,149.398,106.304,314.372
149.559,-108.128,112.41,149.559,106.417,314.73
149.721,-108.243,112.53,149.721,106.531,315.088
149.883,-108.359,112.65,149.883,106.644,315.446
150.045,-108.474,112.77,150.045,106.757,315.803
150.207,-108.589,112.89,150.207,106.871,316.16
150.368,-108.704,113.01,150.368,106.984,316.516
150.53,-108.819,113.13,150.53,107.097,316.872
150.692,-108.935,113.25,150.692,107.211,317.228
150.854,-109.05,113.37,150.854,107.324,317.583
151.016,-109.165,113.49,151.016,107.437,317.938
151.177,-109.28,113.61,151.177,107.551,318.292
151.339,-109.396,113.73,151.339,107.664,318.646
151.501,-109.511,113.85,151.501,107.777,319
151.663,-109.626,113.97,151.663,107.891,319.352
151.825,-109.741,114.09,151.825,108.004,319.705
151.986,-109.856,114.21,151.986,108.117,320.056
152.148,-109.972,114.33,152.148,108.231,320.407
152.31,-110.087,114.45,152.31,108.344,320.758
152.472,-110.202,114.57,152.472,108.457,321.108
152.634,-110.317,114.69,152.634,108.571,321.457
152.795,-110.433,114.81,152.795,108.684,321.806
152.957,-110.548,114.93,152.957,108.797,322.154
153.119,-110.663,115.05,153.119,108.911,322.501
153.281,-110.778,115.17,153.281,109.024,322.847
153.443,-110.894,115.29,153.443,109.137,323.193
153.604,-111.009,115.41,153.604,109.251,323.538
153.766,-111.124,115.53,153.766,109.364,323.882
153.928,-111.239,115.65,153.928,109.477,324.226
154.09,-111.354,115.77,154.09,109.591,324.568
154.252,-111.47,115.89,154.252,109.704,324.91
154.413,-111.585,116.01,154.413,109.817,325.251
154.575,-111.7,116.13,154.575,109.93,325.591
154.737,-111.815,116.25,154.737,110.044,325.93
154.899,-111.931,116.37,154.899,110.157,326.268
155.061,-112.046,116.49,155.061,110.27,326.605
155.222,-112.161,116.61,155.222,110.384,326.941
155.384,-112.276,116.73,155.384,110.497,327.276
155.546,-112.391,116.85,155.546,110.61,327.611
155.708,-112.507,116.97,155.708,110.724,327.944
155.87,-112.622,117.09,155.87,110.837,328.276
156.031,-112.737,117.21,156.031,110.95,328.607
156.193,-112.852,117.33,156.193,111.064,328.937
156.355,-112.968,117.45,156.355,111.177,329.266
156.517,-113.083,117.57,156.517,111.29,329.594
156.679,-113.198,117.69,156.679,111.404,329.92
156.84,-113.313,117.81,156.84,111.517,330.246
157.002,-113.428,117.93,157.002,111.63,330.57
157.164,-113.544,118.05,157.164,111.744,330.893
157.326,-113.659,118.17,157.326,111.857,331.215
157.488,-113.774,118.29,157.488,111.97,331.535
157.649,-113.889,118.41,157.649,112.084,331.855
157.811,-114.005,118.53,157.811,112.197,332.173
157.973,-114.12,118.65,157.973,112.31,332.49
158.135,-114.235,118.77,158.135,112.424,332.805
158.297,-114.35,118.89,158.297,112.537,333.119
158.458,-114.465,119.01,158.458,112.65,333.432
158.62,-114.581,119.13,158.62,112.764,333.743
158.782,-114.696,119.25,158.782,112.877,334.053
158.944,-114.811,119.37,158.944,112.99,334.361
159.106,-114.926,119.49,159.106,113.104,334.668
159.267,-115.042,119.61,159.267,113.217,334.974
159.429,-115.157,119.73,159.429,113.33,335.278
159.591,-115.272,119.85,159.591,113.444,335.581
159.753,-115.387,119.97,159.753,113.557,335.882
159.915,-115.502,120.09,159.915,113.67,336.181
160.076,-115.618,120.21,160.076,113.784,336.479
160.238,-115.733,120.33,160.238,113.897,336.775
160.4,-115.848,120.45,160.4,114.01,337.07
160.562,-115.963,120.57,160.562,114.124,337.363
160.724,-116.079,120.69,160.724,114.237,337.655
160.885,-116.194,120.81,160.885,114.35,337.945
161.047,-116.309,120.93,161.047,114.464,338.233
161.209,-116.424,121.05,161.209,114.577,338.519
161.371,-116.54,121.17,161.371,114.69,338.804
161.532,-116.655,121.289,161.532,114.803,339.087
161.694,-116.77,121.409,161.694,114.917,339.368
161.856,-116.885,121.529,161.856,115.03,339.647
162.018,-117,121.649,162.018,115.143,339.925
162.18,-117.116,121.769,162.18,115.257,340.201
162.341,-117.231,121.889,162.341,115.37,340.475
162.503,-117.346,122.009,162.503,115.483,340.747
162.665,-117.461,122.129,162.665,115.597,341.017
162.827,-117.577,122.249,162.827,115.71,341.285
162.989,-117.692,122.369,162.989,115.823,341.552
163.15,-117.807,122.489,163.15,115.937,341.816
163.312,-117.922,122.609,163.312,116.05,342.078
163.474,-118.037,122.729,163.474,116.163,342.339
163.636,-118.153,122.849,163.636,116.277,342.597
163.798,-118.268,122.969,163.798,116.39,342.854
163.959,-118.383,123.089,163.959,116.503,343.108
164.121,-118.498,123.209,164.121,116.617,343.361
164.283,-118.614,123.329,164.283,116.73,343.611
164.444,-118.729,123.449,164.444,116.843,343.859
164.605,-118.844,123.569,164.605,116.957,344.106
164.767,-118.959,123.689,164.767,117.07,344.35
164.928,-119.074,123.809,164.928,117.183,344.593
165.089,-119.19,123.929,165.089,117.297,344.833
165.249,-119.305,124.049,165.249,117.41,345.072
165.41,-119.42,124.169,165.41,117.523,345.308
165.57,-119.535,124.289,165.57,117.637,345.543
165.73,-119.651,124.409,165.73,117.75,345.775
165.889,-119.766,124.529,165.889,117.863,346.005
166.049,-119.881,124.649,166.049,117.977,346.234
166.208,-119.996,124.769,166.208,118.09,346.46
166.366,-120.111,124.889,166.366,118.203,346.685
166.525,-120.227,125.009,166.525,118.317,346.907
166.683,-120.342,125.129,166.683,118.43,347.128
166.84,-120.457,125.249,166.84,118.543,347.346
166.997,-120.572,125.369,166.997,118.657,347.563
167.154,-120.688,125.489,167.154,118.77,347.777
167.31,-120.803,125.609,167.31,118.883,347.989
167.466,-120.918,125.729,167.466,118.997,348.2
167.621,-121.033,125.849,167.621,119.11,348.408
167.776,-121.149,125.969,167.776,119.223,348.615
167.93,-121.264,126.089,167.93,119.337,348.819
168.083,-121.379,126.209,168.083,119.45,349.022
168.236,-121.494,126.328,168.236,119.563,349.222
168.389,-121.609,126.448,168.389,119.676,349.421
168.541,-121.724,126.568,168.541,119.79,349.617
168.692,-121.839,126.687,168.692,119.903,349.811
168.842,-121.954,126.806,168.842,120.016,350.004
168.992,-122.069,126.925,168.992,120.129,350.194
169.141,-122.184,127.044,169.141,120.242,350.383
169.289,-122.298,127.163,169.289,120.355,350.569
169.437,-122.413,127.281,169.437,120.467,350.754
169.584,-122.527,127.399,169.584,120.58,350.936
169.73,-122.641,127.517,169.73,120.692,351.117
169.875,-122.754,127.635,169.875,120.804,351.295
170.02,-122.868,127.752,170.02,120.916,351.471
170.163,-122.981,127.869,170.163,121.028,351.646
170.306,-123.093,127.985,170.306,121.139,351.818
170.448,-123.206,128.101,170.448,121.25,351.989
170.589,-123.318,128.217,170.589,121.361,352.157
170.729,-123.43,128.332,170.729,121.471,352.324
170.868,-123.541,128.447,170.868,121.581,352.488
171.006,-123.652,128.562,171.006,121.69,352.651
171.143,-123.763,128.675,171.143,121.8,352.811
171.279,-123.873,128.789,171.279,121.908,352.969
171.414,-123.983,128.902,171.414,122.017,353.126
171.548,-124.092,129.014,171.548,122.125,353.28
171.681,-124.2,129.126,171.681,122.232,353.433
171.813,-124.309,129.237,171.813,122.339,353.583
171.944,-124.416,129.347,171.944,122.445,353.732
172.074,-124.523,129.457,172.074,122.551,353.878
172.202,-124.63,129.567,172.202,122.656,354.023
172.33,-124.736,129.675,172.33,122.761,354.165
172.456,-124.841,129.783,172.456,122.865,354.305
172.581,-124.945,129.891,172.581,122.969,354.444
172.705,-125.049,129.997,172.705,123.072,354.58
172.827,-125.153,130.103,172.827,123.174,354.715
172.949,-125.255,130.208,172.949,123.275,354.847
173.068,-125.357,130.312,173.068,123.376,354.978
173.187,-125.458,130.416,173.187,123.476,355.106
173.305,-125.558,130.518,173.305,123.576,355.233
173.421,-125.658,130.62,173.421,123.674,355.357
173.535,-125.757,130.721,173.535,123.772,355.479
173.648,-125.855,130.821,173.648,123.869,355.6
173.76,-125.952,130.92,173.76,123.966,355.718
173.871,-126.048,131.018,173.871,124.061,355.835
173.98,-126.143,131.115,173.98,124.156,355.949
174.087,-126.238,131.212,174.087,124.249,356.062
174.193,-126.331,131.307,174.193,124.342,356.172
174.298,-126.424,131.401,174.298,124.434,356.281
174.401,-126.516,131.495,174.401,124.525,356.387
174.502,-126.606,131.587,174.502,124.615,356.491
174.602,-126.696,131.678,174.602,124.704,356.594
174.701,-126.784,131.768,174.701,124.792,356.694
174.797,-126.872,131.857,174.797,124.879,356.793
174.892,-126.959,131.945,174.892,124.965,356.889
174.986,-127.044,132.031,174.986,125.05,356.984
175.078,-127.128,132.117,175.078,125.133,357.076
175.168,-127.212,132.201,175.168,125.216,357.167
175.256,-127.294,132.285,175.256,125.298,357.256
175.343,-127.374,132.366,175.343,125.378,357.343
175.428,-127.454,132.447,175.428,125.457,357.428
175.511,-127.533,132.527,175.511,125.536,357.511
175.592,-127.61,132.605,175.592,125.613,357.592
175.672,-127.686,132.682,175.672,125.688,357.672
175.75,-127.761,132.757,175.75,125.763,357.75
175.826,-127.834,132.831,175.826,125.836,357.826
175.9,-127.907,132.904,175.9,125.908,357.9
175.973,-127.977,132.975,175.973,125.979,357.973
176.044,-128.047,133.045,176.044,126.048,358.044
176.113,-128.115,133.114,176.113,126.116,358.113
176.181,-128.182,133.181,176.181,126.183,358.181
176.247,-128.247,133.247,176.247,126.248,358.247
176.311,-128.311,133.311,176.311,126.312,358.311
176.374,-128.374,133.374,176.374,126.374,358.374
176.435,-128.435,133.435,176.435,126.435,358.435
176.495,-128.495,133.495,176.495,126.495,358.495
176.553,-128.553,133.553,176.553,126.553,358.553
176.609,-128.609,133.609,176.609,126.609,358.609
176.664,-128.664,133.664,176.664,126.664,358.664
176.718,-128.718,133.718,176.718,126.718,358.718
176.77,-128.77,133.77,176.77,126.77,358.77
176.821,-128.821,133.821,176.821,126.821,358.821
176.87,-128.87,133.87,176.87,126.87,358.87
176.918,-128.918,133.918,176.918,126.918,358.918
176.965,-128.965,133.965,176.965,126.965,358.965
177.01,-129.01,134.01,177.01,127.01,359.01
177.054,-129.054,134.054,177.054,127.054,359.054
177.096,-129.096,134.096,177.096,127.096,359.096
177.138,-129.138,134.138,177.138,127.138,359.138
177.177,-129.177,134.177,177.177,127.177,359.177
177.216,-129.216,134.216,177.216,127.216,359.216
177.254,-129.254,134.254,177.254,127.254,359.254
177.29,-129.29,134.29,177.29,127.29,359.29
177.325,-129.325,134.325,177.325,127.325,359.325
177.359,-129.359,134.359,177.359,127.359,359.359
177.392,-129.392,134.392,177.392,127.392,359.392
177.423,-129.423,134.423,177.423,127.423,359.423
177.454,-129.454,134.454,177.454,127.454,359.454
177.483,-129.483,134.483,177.483,127.483,359.483
177.512,-129.512,134.512,177.512,127.512,359.512
177.539,-129.539,134.539,177.539,127.539,359.539
177.565,-129.565,134.565,177.565,127.565,359.565
177.59,-129.59,134.59,177.59,127.59,359.59
177.614,-129.614,134.614,177.614,127.614,359.614
177.638,-129.638,134.638,177.638,127.638,359.638
177.66,-129.66,134.66,177.66,127.66,359.66
177.681,-129.681,134.681,177.681,127.681,359.681
177.702,-129.702,134.702,177.702,127.702,359.702
177.721,-129.721,134.721,177.721,127.721,359.721
177.74,-129.74,134.74,177.74,127.74,359.74
177.758,-129.758,134.758,177.758,127.758,359.758
177.775,-129.775,134.775,177.775,127.775,359.775
177.791,-129.791,134.791,177.791,127.791,359.791
177.806,-129.806,134.806,177.806,127.806,359.806
177.821,-129.821,134.821,177.821,127.821,359.821
177.835,-129.835,134.835,177.835,127.835,359.835
177.848,-129.848,134.848,177.848,127.848,359.848
177.86,-129.86,134.86,177.86,127.86,359.86
177.872,-129.872,134.872,177.872,127.872,359.872
177.883,-129.883,134.883,177.883,127.883,359.883
177.894,-129.894,134.894,177.894,127.894,359.894
177.903,-129.903,134.903,177.903,127.903,359.903
177.912,-129.912,134.912,177.912,127.912,359.912
177.921,-129.921,134.921,177.921,127.921,359.921
177.929,-129.929,134.929,177.929,127.929,359.929
177.936,-129.936,134.936,177.936,127.936,359.936
177.943,-129.943,134.943,177.943,127.943,359.943
177.95,-129.95,134.95,177.95,127.95,359.95
177.956,-129.956,134.956,177.956,127.956,359.956
177.961,-129.961,134.961,177.961,127.961,359.961
177.966,-129.966,134.966,177.966,127.966,359.966
177.97,-129.97,134.97,177.97,127.97,359.97
177.974,-129.974,134.974,177.974,127.974,359.974
177.978,-129.978,134.978,177.978,127.978,359.978
177.981,-129.981,134.981,177.981,127.981,359.981
177.984,-129.984,134.984,177.984,127.984,359.984
177.987,-129.987,134.987,177.987,127.987,359.987
177.989,-129.989,134.989,177.989,127.989,359.989
177.991,-129.991,134.991,177.991,127.991,359.991
177.993,-129.993,134.993,177.993,127.993,359.993
177.995,-129.995,134.995,177.995,127.995,359.995
177.996,-129.996,134.996,177.996,127.996,359.996
177.997,-129.997,134.997,177.997,127.997,359.997
177.998,-129.998,134.998,177.998,127.998,359.998
177.998,-129.998,134.998,177.998,127.998,359.998
177.999,-129.999,134.999,177.999,127.999,359.999
177.999,-129.999,134.999,177.999,127.999,359.999
178,-130,135,178,128,360
178,-130,135,178,128,360
178,-130,135,178,128,360
178,-130,135,178,128,360
178,-130,135,178,128,360
178,-130,135,178,128,360
