0.0494711,-0.0361378,0.0375267,0.0494711,0.0355822,0.100027
0.0496578,-0.0363244,0.0377133,0.0496578,0.0357689,0.100213
0.0501644,-0.0368311,0.03822,0.0501644,0.0362756,0.10072
0.0511511,-0.0378178,0.0392067,0.0511511,0.0372622,0.101707
0.0527778,-0.0394444,0.0408333,0.0527778,0.0388889,0.103333
0.0552044,-0.0418711,0.04326,0.0552044,0.0413156,0.10576
0.0585911,-0.0452578,0.0466467,0.0585911,0.0447022,0.109147
0.0630978,-0.0497644,0.0511533,0.0630978,0.0492089,0.113653
0.0688844,-0.0555511,0.05694,0.0688844,0.0549956,0.11944
0.0761111,-0.0627778,0.0641667,0.0761111,0.0622222,0.126667
0.0849378,-0.0716044,0.0729933,0.0849378,0.0710489,0.135493
0.0955244,-0.0821911,0.08358,0.0955244,0.0816356,0.14608
0.108031,-0.0946978,0.0960867,0.108031,0.0941422,0.158587
0.122618,-0.109284,0.110673,0.122618,0.108729,0.173173
0.139444,-0.126111,0.1275,0.139444,0.125556,0.19
0.158671,-0.145338,0.146727,0.158671,0.144782,0.209227
0.180458,-0.167124,0.168513,0.180458,0.166569,0.231013
0.204964,-0.191631,0.19302,0.204964,0.191076,0.25552
0.232351,-0.219018,0.220407,0.232351,0.218462,0.282907
0.262778,-0.249444,0.250833,0.262778,0.248889,0.313333
0.296404,-0.283071,0.28446,0.296404,0.282516,0.34696
0.333391,-0.320058,0.321447,0.333391,0.319502,0.383947
0.373898,-0.360564,0.361953,0.373898,0.360009,0.424453
0.418084,-0.404751,0.40614,0.418084,0.404196,0.46864
0.466111,-0.452778,0.454167,0.466111,0.452222,0.516667
0.518138,-0.504804,0.506193,0.518138,0.504249,0.568693
0.574324,-0.560991,0.56238,0.574324,0.560436,0.62488
0.634831,-0.621498,0.622887,0.634831,0.620942,0.685387
0.699818,-0.686484,0.687873,0.699818,0.685929,0.750373
0.769444,-0.756111,0.7575,0.769444,0.755556,0.82
0.843871,-0.830538,0.831927,0.843871,0.829982,0.894427
0.923258,-0.909924,0.911313,0.923258,0.909369,0.973813
1.00776,-0.994431,0.99582,1.00776,0.993876,1.05832
1.09755,-1.08422,1.08561,1.09755,1.08366,1.14811
1.19278,-1.17944,1.18083,1.19278,1.17889,1.24333
1.2936,-1.28027,1.28166,1.2936,1.27972,1.34416
1.40019,-1.38686,1.38825,1.40019,1.3863,1.45075
1.5127,-1.49936,1.50075,1.5127,1.49881,1.56325
1.63128,-1.61789,1.61934,1.63128,1.61726,1.68184
1.75611,-1.74232,1.74406,1.75611,1.74152,1.80667
1.88734,-1.87249,1.87477,1.88734,1.87142,1.93789
2.02512,-2.00825,2.01131,2.02512,2.00681,2.07568
2.16963,-2.14943,2.15353,2.16963,2.14752,2.22019
2.32102,-2.29588,2.30126,2.32102,2.29339,2.37157
2.47944,-2.44743,2.45434,2.47944,2.44427,2.53
2.64501,-2.60393,2.61261,2.64501,2.59999,2.69563
2.81761,-2.76521,2.77592,2.81761,2.7604,2.86861
2.99708,-2.93112,2.9441,2.99708,2.92533,3.04912
3.18327,-3.10149,3.117,3.18327,3.09462,3.23731
3.376,-3.27616,3.29444,3.376,3.26812,3.43333
3.57512,-3.45498,3.47628,3.57512,3.44566,3.63733
3.78048,-3.63778,3.66236,3.78048,3.62709,3.84933
3.9919,-3.82441,3.8525,3.9919,3.81224,4.06933
4.20924,-4.0147,4.04656,4.20924,4.00095,4.29733
4.43233,-4.2085,4.24437,4.43233,4.19307,4.53333
4.66101,-4.40564,4.44577,4.66101,4.38843,4.77733
4.89511,-4.60596,4.65061,4.89511,4.58688,5.02933
5.1345,-4.80931,4.85872,5.1345,4.78825,5.28933
5.37899,-5.01553,5.06994,5.37899,4.99238,5.55733
5.62843,-5.22445,5.28412,5.62843,5.19912,5.83333
5.88266,-5.43591,5.50108,5.88266,5.4083,6.11733
6.14153,-5.64976,5.72069,6.14153,5.61976,6.40933
6.40486,-5.86583,5.94276,6.40486,5.83335,6.70933
6.67251,-6.08397,6.16715,6.67251,6.04891,7.01733
6.94431,-6.30401,6.39369,6.94431,6.26626,7.33333
7.2201,-6.52579,6.62222,7.2201,6.48526,7.65733
7.49972,-6.74916,6.85258,7.49972,6.70575,7.98933
7.78301,-6.97396,7.08462,7.78301,6.92756,8.32933
8.06981,-7.20001,7.31817,8.06981,7.15053,8.67733
8.35996,-7.42718,7.55308,8.35996,7.37451,9.03333
8.65331,-7.65528,7.78917,8.65331,7.59933,9.39733
8.94968,-7.88418,8.0263,8.94968,7.82484,9.76933
9.24893,-8.11369,8.2643,9.24893,8.05086,10.1493
9.55088,-8.34367,8.50302,9.55088,8.27726,10.5373
9.85539,-8.57396,8.74229,9.85539,8.50385,10.9333
10.1623,-8.80439,8.98195,10.1623,8.73051,11.3373
10.4714,-9.03484,9.22184,10.4714,8.95716,11.7493
10.7826,-9.26529,9.46181,10.7826,9.18381,12.1693
11.0957,-9.49574,9.70179,11.0957,9.41046,12.5973
11.4106,-9.72619,9.94176,11.4106,9.63711,13.0333
11.727,-9.95664,10.1817,11.727,9.86376,13.4773
12.0449,-10.1871,10.4217,12.0449,10.0904,13.9293
12.3641,-10.4175,10.6617,12.3641,10.3171,14.3893
12.6844,-10.648,10.9017,12.6844,10.5437,14.8573
13.0056,-10.8784,11.1416,13.0056,10.7704,15.3333
13.3276,-11.1089,11.3816,13.3276,10.997,15.8173
13.6502,-11.3393,11.6216,13.6502,11.2237,16.3093
13.9733,-11.5698,11.8615,13.9733,11.4503,16.8093
14.2968,-11.8002,12.1015,14.2968,11.677,17.3173
14.6203,-12.0307,12.3415,14.6203,11.9036,17.8333
14.9439,-12.2611,12.5815,14.9439,12.1303,18.3573
15.2675,-12.4916,12.8214,15.2675,12.3569,18.8891
15.5911,-12.722,13.0614,15.5911,12.5836,19.4286
15.9147,-12.9525,13.3014,15.9147,12.8102,19.9756
16.2383,-13.1829,13.5414,16.2383,13.0369,20.53
16.5619,-13.4134,13.7813,16.5619,13.2635,21.0916
16.8855,-13.6438,14.0213,16.8855,13.4902,21.6602
17.2091,-13.8743,14.2613,17.2091,13.7168,22.2357
17.5327,-14.1047,14.5013,17.5327,13.9435,22.8179
17.8563,-14.3352,14.7412,17.8563,14.1701,23.4067
18.1799,-14.5656,14.9812,18.1799,14.3968,24.0018
18.5035,-14.7961,15.2212,18.5035,14.6234,24.6033
18.8271,-15.0265,15.4612,18.8271,14.8501,25.2107
19.1507,-15.257,15.7011,19.1507,15.0768,25.8242
19.4743,-15.4874,15.9411,19.4743,15.3034,26.4433
19.7978,-15.7179,16.1811,19.7978,15.5301,27.0681
20.1214,-15.9483,16.421,20.1214,15.7567,27.6983
20.445,-16.1788,16.661,20.445,15.9834,28.3338
20.7686,-16.4092,16.901,20.7686,16.21,28.9744
21.0922,-16.6397,17.141,21.0922,16.4367,29.62
21.4158,-16.8701,17.3809,21.4158,16.6633,30.2704
21.7394,-17.1006,17.6209,21.7394,16.89,30.9254
22.063,-17.331,17.8609,22.063,17.1166,31.5849
22.3866,-17.5615,18.1009,22.3866,17.3433,32.2487
22.7102,-17.7919,18.3408,22.7102,17.5699,32.9167
23.0338,-18.0224,18.5808,23.0338,17.7966,33.5886
23.3574,-18.2528,18.8208,23.3574,18.0232,34.2645
23.681,-18.4833,19.0608,23.681,18.2499,34.9439
24.0046,-18.7137,19.3007,24.0046,18.4765,35.627
24.3282,-18.9442,19.5407,24.3282,18.7032,36.3133
24.6518,-19.1746,19.7807,24.6518,18.9298,37.0029
24.9754,-19.4051,20.0207,24.9754,19.1565,37.6955
25.299,-19.6355,20.2606,25.299,19.3831,38.391
25.6226,-19.866,20.5006,25.6226,19.6098,39.0892
25.9462,-20.0964,20.7406,25.9462,19.8364,39.79
26.2697,-20.3269,20.9805,26.2697,20.0631,40.4932
26.5933,-20.5573,21.2205,26.5933,20.2897,41.1986
26.9169,-20.7878,21.4605,26.9169,20.5164,41.9061
27.2405,-21.0182,21.7005,27.2405,20.743,42.6155
27.5641,-21.2487,21.9404,27.5641,20.9697,43.3267
27.8877,-21.4791,22.1804,27.8877,21.1963,44.0394
28.2113,-21.7096,22.4204,28.2113,21.423,44.7537
28.5349,-21.94,22.6604,28.5349,21.6497,45.4691
28.8585,-22.1705,22.9003,28.8585,21.8763,46.1858
29.1821,-22.4009,23.1403,29.1821,22.103,46.9033
29.5057,-22.6314,23.3803,29.5057,22.3296,47.6217
29.8293,-22.8618,23.6203,29.8293,22.5563,48.3407
30.1529,-23.0923,23.8602,30.1529,22.7829,49.0602
30.4765,-23.3227,24.1002,30.4765,23.0096,49.78
30.8001,-23.5532,24.3402,30.8001,23.2362,50.5
31.1237,-23.7836,24.5801,31.1237,23.4629,51.22
31.4473,-24.0141,24.8201,31.4473,23.6895,51.94
31.7709,-24.2445,25.0601,31.7709,23.9162,52.66
32.0945,-24.475,25.3001,32.0945,24.1428,53.38
32.4181,-24.7054,25.54,32.4181,24.3695,54.1
32.7416,-24.9359,25.78,32.7416,24.5961,54.82
33.0652,-25.1663,26.02,33.0652,24.8228,55.54
33.3888,-25.3968,26.26,33.3888,25.0494,56.26
33.7124,-25.6272,26.4999,33.7124,25.2761,56.98
34.036,-25.8576,26.7399,34.036,25.5027,57.7
34.3596,-26.0881,26.9799,34.3596,25.7294,58.42
34.6832,-26.3185,27.2199,34.6832,25.956,59.14
35.0068,-26.549,27.4598,35.0068,26.1827,59.86
35.3304,-26.7794,27.6998,35.3304,26.4093,60.58
35.654,-27.0099,27.9398,35.654,26.636,61.3
35.9776,-27.2403,28.1798,35.9776,26.8626,62.02
36.3012,-27.4708,28.4197,36.3012,27.0893,62.74
36.6248,-27.7012,28.6597,36.6248,27.3159,63.46
36.9484,-27.9317,28.8997,36.9484,27.5426,64.18
37.272,-28.1621,29.1396,37.272,27.7692,64.9
37.5956,-28.3926,29.3796,37.5956,27.9959,65.62
37.9192,-28.623,29.6196,37.9192,28.2226,66.34
38.2428,-28.8535,29.8596,38.2428,28.4492,67.06
38.5664,-29.0839,30.0995,38.5664,28.6759,67.78
38.89,-29.3144,30.3395,38.89,28.9025,68.5
39.2136,-29.5448,30.5795,39.2136,29.1292,69.22
39.5371,-29.7753,30.8195,39.5371,29.3558,69.94
39.8607,-30.0057,31.0594,39.8607,29.5825,70.66
40.1843,-30.2362,31.2994,40.1843,29.8091,71.38
40.5079,-30.4666,31.5394,40.5079,30.0358,72.1
40.8315,-30.6971,31.7794,40.8315,30.2624,72.82
41.1551,-30.9275,32.0193,41.1551,30.4891,73.54
41.4787,-31.158,32.2593,41.4787,30.7157,74.26
41.8023,-31.3884,32.4993,41.8023,30.9424,74.98
42.1259,-31.6189,32.7392,42.1259,31.169,75.7
42.4495,-31.8493,32.9792,42.4495,31.3957,76.42
42.7731,-32.0798,33.2192,42.7731,31.6223,77.14
43.0967,-32.3102,33.4592,43.0967,31.849,77.86
43.4203,-32.5407,33.6991,43.4203,32.0756,78.58
43.7439,-32.7711,33.9391,43.7439,32.3023,79.3
44.0675,-33.0016,34.1791,44.0675,32.5289,80.02
44.3911,-33.232,34.4191,44.3911,32.7556,80.74
44.7147,-33.4625,34.659,44.7147,32.9822,81.46
45.0383,-33.6929,34.899,45.0383,33.2089,82.18
45.3619,-33.9234,35.139,45.3619,33.4355,82.9
45.6855,-34.1538,35.379,45.6855,33.6622,83.62
46.009,-34.3843,35.6189,46.009,33.8888,84.34
46.3326,-34.6147,35.8589,46.3326,34.1155,85.06
46.6562,-34.8452,36.0989,46.6562,34.3421,85.78
46.9798,-35.0756,36.3389,46.9798,34.5688,86.5
47.3034,-35.3061,36.5788,47.3034,34.7954,87.22
47.627,-35.5365,36.8188,47.627,35.0221,87.94
47.9506,-35.767,37.0588,47.9506,35.2488,88.66
48.2742,-35.9974,37.2987,48.2742,35.4754,89.38
48.5978,-36.2279,37.5387,48.5978,35.7021,90.1
48.9214,-36.4583,37.7787,48.9214,35.9287,90.82
49.245,-36.6888,38.0187,49.245,36.1554,91.54
49.5686,-36.9192,38.2586,49.5686,36.382,92.26
49.8922,-37.1497,38.4986,49.8922,36.6087,92.98
50.2158,-37.3801,38.7386,50.2158,36.8353,93.7
50.5394,-37.6106,38.9786,50.5394,37.062,94.42
50.863,-37.841,39.2185,50.863,37.2886,95.14
51.1866,-38.0715,39.4585,51.1866,37.5153,95.86
51.5102,-38.3019,39.6985,51.5102,37.7419,96.58
51.8338,-38.5324,39.9385,51.8338,37.9686,97.3
52.1574,-38.7628,40.1784,52.1574,38.1952,98.02
52.4809,-38.9933,40.4184,52.4809,38.4219,98.74
52.8045,-39.2237,40.6584,52.8045,38.6485,99.46
53.1281,-39.4542,40.8983,53.1281,38.8752,100.18
53.4517,-39.6846,41.1383,53.4517,39.1018,100.9
53.7753,-39.9151,41.3783,53.7753,39.3285,101.62
54.0989,-40.1455,41.6183,54.0989,39.5551,102.34
54.4225,-40.376,41.8582,54.4225,39.7818,103.06
54.7461,-40.6064,42.0982,54.7461,40.0084,103.78
55.0697,-40.8369,42.3382,55.0697,40.2351,104.5
55.3933,-41.0673,42.5782,55.3933,40.4617,105.22
55.7169,-41.2978,42.8181,55.7169,40.6884,105.94
56.0405,-41.5282,43.0581,56.0405,40.915,106.66
56.3641,-41.7587,43.2981,56.3641,41.1417,107.38
56.6877,-41.9891,43.5381,56.6877,41.3683,108.1
57.0113,-42.2196,43.778,57.0113,41.595,108.82
57.3349,-42.45,44.018,57.3349,41.8217,109.54
57.6585,-42.6805,44.258,57.6585,42.0483,110.26
57.9821,-42.9109,44.498,57.9821,42.275,110.98
58.3057,-43.1414,44.7379,58.3057,42.5016,111.7
58.6293,-43.3718,44.9779,58.6293,42.7283,112.42
58.9529,-43.6023,45.2179,58.9529,42.9549,113.14
59.2764,-43.8327,45.4578,59.2764,43.1816,113.86
59.6,-44.0632,45.6978,59.6,43.4082,114.58
59.9236,-44.2936,45.9378,59.9236,43.6349,115.3
60.2472,-44.5241,46.1778,60.2472,43.8615,116.02
60.5708,-44.7545,46.4177,60.5708,44.0882,116.74
60.8944,-44.985,46.6577,60.8944,44.3148,117.46
61.218,-45.2154,46.8977,61.218,44.5415,118.18
61.5416,-45.4459,47.1377,61.5416,44.7681,118.9
61.8652,-45.6763,47.3776,61.8652,44.9948,119.62
62.1888,-45.9068,47.6176,62.1888,45.2214,120.34
62.5124,-46.1372,47.8576,62.5124,45.4481,121.06
62.836,-46.3677,48.0976,62.836,45.6747,121.78
63.1596,-46.5981,48.3375,63.1596,45.9014,122.5
63.4832,-46.8286,48.5775,63.4832,46.128,123.22
63.8068,-47.059,48.8175,63.8068,46.3547,123.94
64.1304,-47.2895,49.0575,64.1304,46.5813,124.66
64.454,-47.5199,49.2974,64.454,46.808,125.38
64.7776,-47.7503,49.5374,64.7776,47.0346,126.1
65.1012,-47.9808,49.7774,65.1012,47.2613,126.82
65.4248,-48.2112,50.0173,65.4248,47.4879,127.54
65.7483,-48.4417,50.2573,65.7483,47.7146,128.26
66.0719,-48.6721,50.4973,66.0719,47.9412,128.98
66.3955,-48.9026,50.7373,66.3955,48.1679,129.7
66.7191,-49.133,50.9772,66.7191,48.3946,130.42
67.0427,-49.3635,51.2172,67.0427,48.6212,131.14
67.3663,-49.5939,51.4572,67.3663,48.8479,131.86
67.6899,-49.8244,51.6972,67.6899,49.0745,132.58
68.0135,-50.0548,51.9371,68.0135,49.3012,133.3
68.3371,-50.2853,52.1771,68.3371,49.5278,134.02
68.6607,-50.5157,52.4171,68.6607,49.7545,134.74
68.9843,-50.7462,52.6571,68.9843,49.9811,135.46
69.3079,-50.9766,52.897,69.3079,50.2078,136.18
69.6315,-51.2071,53.137,69.6315,50.4344,136.9
69.9551,-51.4375,53.377,69.9551,50.6611,137.62
70.2787,-51.668,53.6169,70.2787,50.8877,138.34
70.6023,-51.8984,53.8569,70.6023,51.1144,139.06
70.9259,-52.1289,54.0969,70.9259,51.341,139.78
71.2495,-52.3593,54.3369,71.2495,51.5677,140.5
71.5731,-52.5898,54.5768,71.5731,51.7943,141.22
71.8967,-52.8202,54.8168,71.8967,52.021,141.94
72.2202,-53.0507,55.0568,72.2202,52.2476,142.66
72.5438,-53.2811,55.2968,72.5438,52.4743,143.38
72.8674,-53.5116,55.5367,72.8674,52.7009,144.1
73.191,-53.742,55.7767,73.191,52.9276,144.82
73.5146,-53.9725,56.0167,73.5146,53.1542,145.54
73.8382,-54.2029,56.2567,73.8382,53.3809,146.26
74.1618,-54.4334,56.4966,74.1618,53.6075,146.98
74.4854,-54.6638,56.7366,74.4854,53.8342,147.7
74.809,-54.8943,56.9766,74.809,54.0608,148.42
75.1326,-55.1247,57.2166,75.1326,54.2875,149.14
75.4562,-55.3552,57.4565,75.4562,54.5141,149.86
75.7798,-55.5856,57.6965,75.7798,54.7408,150.58
76.1034,-55.8161,57.9365,76.1034,54.9675,151.3
76.427,-56.0465,58.1764,76.427,55.1941,152.02
76.7506,-56.277,58.4164,76.7506,55.4208,152.74
77.0742,-56.5074,58.6564,77.0742,55.6474,153.46
77.3978,-56.7379,58.8964,77.3978,55.8741,154.18
77.7214,-56.9683,59.1363,77.7214,56.1007,154.9
78.045,-57.1988,59.3763,78.045,56.3274,155.62
78.3686,-57.4292,59.6163,78.3686,56.554,156.34
78.6922,-57.6597,59.8563,78.6922,56.7807,157.06
79.0157,-57.8901,60.0962,79.0157,57.0073,157.78
79.3393,-58.1206,60.3362,79.3393,57.234,158.5
79.6629,-58.351,60.5762,79.6629,57.4606,159.22
79.9865,-58.5815,60.8162,79.9865,57.6873,159.94
80.3101,-58.8119,61.0561,80.3101,57.9139,160.66
80.6337,-59.0424,61.2961,80.6337,58.1406,161.38
80.9573,-59.2728,61.5361,80.9573,58.3672,162.1
81.2809,-59.5033,61.776,81.2809,58.5939,162.82
81.6045,-59.7337,62.016,81.6045,58.8205,163.54
81.9281,-59.9642,62.256,81.9281,59.0472,164.26
82.2517,-60.1946,62.496,82.2517,59.2738,164.98
82.5753,-60.4251,62.7359,82.5753,59.5005,165.7
82.8989,-60.6555,62.9759,82.8989,59.7271,166.42
83.2225,-60.886,63.2159,83.2225,59.9538,167.14
83.5461,-61.1164,63.4559,83.5461,60.1804,167.86
83.8697,-61.3469,63.6958,83.8697,60.4071,168.58
84.1933,-61.5773,63.9358,84.1933,60.6337,169.3
84.5169,-61.8078,64.1758,84.5169,60.8604,170.02
84.8405,-62.0382,64.4158,84.8405,61.087,170.74
85.1641,-62.2687,64.6557,85.1641,61.3137,171.46
85.4876,-62.4991,64.8957,85.4876,61.5403,172.18
85.8112,-62.7296,65.1357,85.8112,61.767,172.9
86.1348,-62.96,65.3757,86.1348,61.9937,173.62
86.4584,-63.1905,65.6156,86.4584,62.2203,174.34
86.782,-63.4209,65.8556,86.782,62.447,175.06
87.1056,-63.6514,66.0956,87.1056,62.6736,175.78
87.4292,-63.8818,66.3355,87.4292,62.9003,176.5
87.7528,-64.1123,66.5755,87.7528,63.1269,177.22
88.0764,-64.3427,66.8155,88.0764,63.3536,177.94
88.4,-64.5732,67.0555,88.4,63.5802,178.66
88.7236,-64.8036,67.2954,88.7236,63.8069,179.38
89.0472,-65.0341,67.5354,89.0472,64.0335,180.1
89.3708,-65.2645,67.7754,89.3708,64.2602,180.82
89.6944,-65.495,68.0154,89.6944,64.4868,181.54
90.018,-65.7254,68.2553,90.018,64.7135,182.26
90.3416,-65.9559,68.4953,90.3416,64.9401,182.98
90.6652,-66.1863,68.7353,90.6652,65.1668,183.7
90.9888,-66.4168,68.9753,90.9888,65.3934,184.42
91.3124,-66.6472,69.2152,91.3124,65.6201,185.14
91.636,-66.8777,69.4552,91.636,65.8467,185.86
91.9595,-67.1081,69.6952,91.9595,66.0734,186.58
92.2831,-67.3386,69.9352,92.2831,66.3,187.3
92.6067,-67.569,70.1751,92.6067,66.5267,188.02
92.9303,-67.7995,70.4151,92.9303,66.7533,188.74
93.2539,-68.0299,70.6551,93.2539,66.98,189.46
93.5775,-68.2604,70.895,93.5775,67.2066,190.18
93.9011,-68.4908,71.135,93.9011,67.4333,190.9
94.2247,-68.7213,71.375,94.2247,67.6599,191.62
94.5483,-68.9517,71.615,94.5483,67.8866,192.34
94.8719,-69.1821,71.8549,94.8719,68.1132,193.06
95.1955,-69.4126,72.0949,95.1955,68.3399,193.78
95.5191,-69.643,72.3349,95.5191,68.5666,194.5
95.8427,-69.8735,72.5749,95.8427,68.7932,195.22
96.1663,-70.1039,72.8148,96.1663,69.0199,195.94
96.4899,-70.3344,73.0548,96.4899,69.2465,196.66
96.8135,-70.5648,73.2948,96.8135,69.4732,197.38
97.1371,-70.7953,73.5348,97.1371,69.6998,198.1
97.4607,-71.0257,73.7747,97.4607,69.9265,198.82
97.7843,-71.2562,74.0147,97.7843,70.1531,199.54
98.1079,-71.4866,74.2547,98.1079,70.3798,200.26
98.4315,-71.7171,74.4946,98.4315,70.6064,200.98
98.755,-71.9475,74.7346,98.755,70.8331,201.7
99.0786,-72.178,74.9746,99.0786,71.0597,202.42
99.4022,-72.4084,75.2146,99.4022,71.2864,203.14
99.7258,-72.6389,75.4545,99.7258,71.513,203.86
100.049,-72.8693,75.6945,100.049,71.7397,204.58
100.373,-73.0998,75.9345,100.373,71.9663,205.3
100.697,-73.3302,76.1745,100.697,72.193,206.02
101.02,-73.5607,76.4144,101.02,72.4196,206.74
101.344,-73.7911,76.6544,101.344,72.6463,207.46
101.667,-74.0216,76.8944,101.667,72.8729,208.18
101.991,-74.252,77.1344,101.991,73.0996,208.9
102.315,-74.4825,77.3743,102.315,73.3262,209.62
102.638,-74.7129,77.6143,102.638,73.5529,210.34
102.962,-74.9434,77.8543,102.962,73.7795,211.06
103.285,-75.1738,78.0943,103.285,74.0062,211.78
103.609,-75.4043,78.3342,103.609,74.2328,212.5
103.933,-75.6347,78.5742,103.933,74.4595,213.22
104.256,-75.8652,78.8142,104.256,74.6861,213.94
104.58,-76.0956,79.0541,104.58,74.9128,214.66
104.903,-76.3261,79.2941,104.903,75.1395,215.38
105.227,-76.5565,79.5341,105.227,75.3661,216.1
105.551,-76.787,79.7741,105.551,75.5928,216.82
105.874,-77.0174,80.014,105.874,75.8194,217.54
106.198,-77.2479,80.254,106.198,76.0461,218.26
106.521,-77.4783,80.494,106.521,76.2727,218.98
106.845,-77.7088,80.734,106.845,76.4994,219.7
107.169,-77.9392,80.9739,107.169,76.726,220.42
107.492,-78.1697,81.2139,107.492,76.9527,221.14
107.816,-78.4001,81.4539,107.816,77.1793,221.86
108.139,-78.6306,81.6939,108.139,77.406,222.58
108.463,-78.861,81.9338,108.463,77.6326,223.3
108.786,-79.0915,82.1738,108.786,77.8593,224.02
109.11,-79.3219,82.4138,109.11,78.0859,224.74
109.434,-79.5524,82.6537,109.434,78.3126,225.46
109.757,-79.7828,82.8937,109.757,78.5392,226.18
110.081,-80.0133,83.1337,110.081,78.7659,226.9
110.404,-80.2437,83.3737,110.404,78.9925,227.62
110.728,-80.4742,83.6136,110.728,79.2192,228.34
111.052,-80.7046,83.8536,111.052,79.4458,229.06
111.375,-80.9351,84.0936,111.375,79.6725,229.78
111.699,-81.1655,84.3336,111.699,79.8991,230.5
112.022,-81.396,84.5735,112.022,80.1258,231.22
112.346,-81.6264,84.8135,112.346,80.3524,231.94
112.67,-81.8569,85.0535,112.67,80.5791,232.66
112.993,-82.0873,85.2935,112.993,80.8057,233.38
113.317,-82.3178,85.5334,113.317,81.0324,234.1
113.64,-82.5482,85.7734,113.64,81.259,234.82
113.964,-82.7787,86.0134,113.964,81.4857,235.54
114.288,-83.0091,86.2534,114.288,81.7123,236.26
114.611,-83.2396,86.4933,114.611,81.939,236.98
114.935,-83.47,86.7333,114.935,82.1657,237.7
115.258,-83.7005,86.9733,115.258,82.3923,238.42
115.582,-83.9309,87.2132,115.582,82.619,239.14
115.906,-84.1614,87.4532,115.906,82.8456,239.86
116.229,-84.3918,87.6932,116.229,83.0723,240.58
116.553,-84.6223,87.9332,116.553,83.2989,241.3
116.876,-84.8527,88.1731,116.876,83.5256,242.02
117.2,-85.0832,88.4131,117.2,83.7522,242.74
117.524,-85.3136,88.6531,117.524,83.9789,243.46
117.847,-85.5441,88.8931,117.847,84.2055,244.18
118.171,-85.7745,89.133,118.171,84.4322,244.9
118.494,-86.005,89.373,118.494,84.6588,245.62
118.818,-86.2354,89.613,118.818,84.8855,246.34
119.142,-86.4659,89.853,119.142,85.1121,247.06
119.465,-86.6963,90.0929,119.465,85.3388,247.78
119.789,-86.9268,90.3329,119.789,85.5654,248.5
120.112,-87.1572,90.5729,120.112,85.7921,249.22
120.436,-87.3877,90.8129,120.436,86.0187,249.94
120.76,-87.6181,91.0528,120.76,86.2454,250.66
121.083,-87.8486,91.2928,121.083,86.472,251.38
121.407,-88.079,91.5328,121.407,86.6987,252.1
121.73,-88.3095,91.7727,121.73,86.9253,252.82
122.054,-88.5399,92.0127,122.054,87.152,253.54
122.377,-88.7704,92.2527,122.377,87.3786,254.26
122.701,-89.0008,92.4927,122.701,87.6053,254.98
123.025,-89.2313,92.7326,123.025,87.8319,255.7
123.348,-89.4617,92.9726,123.348,88.0586,256.42
123.672,-89.6922,93.2126,123.672,88.2852,257.14
123.995,-89.9226,93.4526,123.995,88.5119,257.86
124.319,-90.1531,93.6925,124.319,88.7386,258.58
124.643,-90.3835,93.9325,124.643,88.9652,259.3
124.966,-90.6139,94.1725,124.966,89.1919,260.02
125.29,-90.8444,94.4125,125.29,89.4185,260.74
125.613,-91.0748,94.6524,125.613,89.6452,261.46
125.937,-91.3053,94.8924,125.937,89.8718,262.18
126.261,-91.5357,95.1324,126.261,90.0985,262.9
126.584,-91.7662,95.3723,126.584,90.3251,263.62
126.908,-91.9966,95.6123,126.908,90.5518,264.34
127.231,-92.2271,95.8523,127.231,90.7784,265.06
127.555,-92.4575,96.0923,127.555,91.0051,265.78
127.879,-92.688,96.3322,127.879,91.2317,266.5
128.202,-92.9184,96.5722,128.202,91.4584,267.22
128.526,-93.1489,96.8122,128.526,91.685,267.94
128.849,-93.3793,97.0522,128.849,91.9117,268.66
129.173,-93.6098,97.2921,129.173,92.1383,269.38
129.497,-93.8402,97.5321,129.497,92.365,270.1
129.82,-94.0707,97.7721,129.82,92.5916,270.82
130.144,-94.3011,98.0121,130.144,92.8183,271.54
130.467,-94.5316,98.252,130.467,93.0449,272.26
130.791,-94.762,98.492,130.791,93.2716,272.98
131.115,-94.9925,98.732,131.115,93.4982,273.7
131.438,-95.2229,98.972,131.438,93.7249,274.42
131.762,-95.4534,99.2119,131.762,93.9515,275.14
132.085,-95.6838,99.4519,132.085,94.1782,275.86
132.409,-95.9143,99.6919,132.409,94.4048,276.58
132.733,-96.1447,99.9318,132.733,94.6315,277.3
133.056,-96.3752,100.172,133.056,94.8581,278.02
133.38,-96.6056,100.412,133.38,95.0848,278.74
133.703,-96.8361,100.652,133.703,95.3115,279.46
134.027,-97.0665,100.892,134.027,95.5381,280.18
134.351,-97.297,101.132,134.351,95.7648,280.9
134.674,-97.5274,101.372,134.674,95.9914,281.62
134.998,-97.7579,101.612,134.998,96.2181,282.34
135.321,-97.9883,101.852,135.321,96.4447,283.06
135.645,-98.2188,102.092,135.645,96.6714,283.78
135.968,-98.4492,102.332,135.968,96.898,284.5
136.292,-98.6797,102.572,136.292,97.1247,285.22
136.616,-98.9101,102.812,136.616,97.3513,285.94
136.939,-99.1406,103.052,136.939,97.578,286.66
137.263,-99.371,103.291,137.263,97.8046,287.38
137.586,-99.6015,103.531,137.586,98.0313,288.1
137.91,-99.8319,103.771,137.91,98.2579,288.82
138.234,-100.062,104.011,138.234,98.4846,289.54
138.557,-100.293,104.251,138.557,98.7112,290.26
138.881,-100.523,104.491,138.881,98.9379,290.98
139.204,-100.754,104.731,139.204,99.1645,291.7
139.528,-100.984,104.971,139.528,99.3912,292.42
139.852,-101.215,105.211,139.852,99.6178,293.14
140.175,-101.445,105.451,140.175,99.8445,293.86
140.499,-101.676,105.691,140.499,100.071,294.58
140.822,-101.906,105.931,140.822,100.298,295.3
141.146,-102.136,106.171,141.146,100.524,296.02
141.47,-102.367,106.411,141.47,100.751,296.74
141.793,-102.597,106.651,141.793,100.978,297.46
142.117,-102.828,106.891,142.117,101.204,298.18
142.44,-103.058,107.131,142.44,101.431,298.9
142.764,-103.289,107.371,142.764,101.658,299.62
143.088,-103.519,107.611,143.088,101.884,300.34
143.411,-103.75,107.851,143.411,102.111,301.06
143.735,-103.98,108.091,143.735,102.338,301.78
144.058,-104.21,108.331,144.058,102.564,302.5
144.382,-104.441,108.571,144.382,102.791,303.22
144.706,-104.671,108.811,144.706,103.018,303.94
145.029,-104.902,109.051,145.029,103.244,304.66
145.353,-105.132,109.291,145.353,103.471,305.38
145.676,-105.363,109.531,145.676,103.698,306.1
146,-105.593,109.771,146,103.924,306.82
146.324,-105.824,110.011,146.324,104.151,307.54
146.647,-106.054,110.251,146.647,104.378,308.26
146.971,-106.285,110.491,146.971,104.604,308.98
147.294,-106.515,110.731,147.294,104.831,309.7
147.618,-106.745,110.971,147.618,105.057,310.42
147.941,-106.976,111.211,147.941,105.284,311.14
148.265,-107.206,111.451,148.265,105.511,311.859
148.589,-107.437,111.691,148.589,105.737,312.578
148.912,-107.667,111.931,148.912,105.964,313.296
149.236,-107.898,112.17,149.236,106.191,314.014
149.559,-108.128,112.41,149.559,106.417,314.73
149.883,-108.359,112.65,149.883,106.644,315.446
150.207,-108.589,112.89,150.207,106.871,316.16
150.53,-108.819,113.13,150.53,107.097,316.872
150.854,-109.05,113.37,150.854,107.324,317.583
151.177,-109.28,113.61,151.177,107.551,318.292
151.501,-109.511,113.85,151.501,107.777,319
151.825,-109.741,114.09,151.825,108.004,319.705
152.148,-109.972,114.33,152.148,108.231,320.407
152.472,-110.202,114.57,152.472,108.457,321.108
152.795,-110.433,114.81,152.795,108.684,321.806
153.119,-110.663,115.05,153.119,108.911,322.501
153.443,-110.894,115.29,153.443,109.137,323.193
153.766,-111.124,115.53,153.766,109.364,323.882
154.09,-111.354,115.77,154.09,109.591,324.568
154.413,-111.585,116.01,154.413,109.817,325.251
154.737,-111.815,116.25,154.737,110.044,325.93
155.061,-112.046,116.49,155.061,110.27,326.605
155.384,-112.276,116.73,155.384,110.497,327.276
155.708,-112.507,116.97,155.708,110.724,327.944
156.031,-112.737,117.21,156.031,110.95,328.607
156.355,-112.968,117.45,156.355,111.177,329.266
156.679,-113.198,117.69,156.679,111.404,329.92
157.002,-113.428,117.93,157.002,111.63,330.57
157.326,-113.659,118.17,157.326,111.857,331.215
157.649,-113.889,118.41,157.649,112.084,331.855
157.973,-114.12,118.65,157.973,112.31,332.49
158.297,-114.35,118.89,158.297,112.537,333.119
158.62,-114.581,119.13,158.62,112.764,333.743
158.944,-114.811,119.37,158.944,112.99,334.361
159.267,-115.042,119.61,159.267,113.217,334.974
159.591,-115.272,119.85,159.591,113.444,335.581
159.915,-115.502,120.09,159.915,113.67,336.181
160.238,-115.733,120.33,160.238,113.897,336.775
160.562,-115.963,120.57,160.562,114.124,337.363
160.885,-116.194,120.81,160.885,114.35,337.945
161.209,-116.424,121.05,161.209,114.577,338.519
161.532,-116.655,121.289,161.532,114.803,339.087
161.856,-116.885,121.529,161.856,115.03,339.647
162.18,-117.116,121.769,162.18,115.257,340.201
162.503,-117.346,122.009,162.503,115.483,340.747
162.827,-117.577,122.249,162.827,115.71,341.285
163.15,-117.807,122.489,163.15,115.937,341.816
163.474,-118.037,122.729,163.474,116.163,342.339
163.798,-118.268,122.969,163.798,116.39,342.854
164.121,-118.498,123.209,164.121,116.617,343.361
164.444,-118.729,123.449,164.444,116.843,343.859
164.767,-118.959,123.689,164.767,117.07,344.35
165.089,-119.19,123.929,165.089,117.297,344.833
165.41,-119.42,124.169,165.41,117.523,345.308
165.73,-119.651,124.409,165.73,117.75,345.775
166.049,-119.881,124.649,166.049,117.977,346.234
166.366,-120.111,124.889,166.366,118.203,346.685
166.683,-120.342,125.129,166.683,118.43,347.128
166.997,-120.572,125.369,166.997,118.657,347.563
167.31,-120.803,125.609,167.31,118.883,347.989
167.621,-121.033,125.849,167.621,119.11,348.408
167.93,-121.264,126.089,167.93,119.337,348.819
168.236,-121.494,126.328,168.236,119.563,349.222
168.541,-121.724,126.568,168.541,119.79,349.617
168.842,-121.954,126.806,168.842,120.016,350.004
169.141,-122.184,127.044,169.141,120.242,350.383
169.437,-122.413,127.281,169.437,120.467,350.754
169.73,-122.641,127.517,169.73,120.692,351.117
170.02,-122.868,127.752,170.02,120.916,351.471
170.306,-123.093,127.985,170.306,121.139,351.818
170.589,-123.318,128.217,170.589,121.361,352.157
170.868,-123.541,128.447,170.868,121.581,352.488
171.143,-123.763,128.675,171.143,121.8,352.811
171.414,-123.983,128.902,171.414,122.017,353.126
171.681,-124.2,129.126,171.681,122.232,353.433
171.944,-124.416,129.347,171.944,122.445,353.732
172.202,-124.63,129.567,172.202,122.656,354.023
172.456,-124.841,129.783,172.456,122.865,354.305
172.705,-125.049,129.997,172.705,123.072,354.58
172.949,-125.255,130.208,172.949,123.275,354.847
173.187,-125.458,130.416,173.187,123.476,355.106
173.421,-125.658,130.62,173.421,123.674,355.357
173.648,-125.855,130.821,173.648,123.869,355.6
173.871,-126.048,131.018,173.871,124.061,355.835
174.087,-126.238,131.212,174.087,124.249,356.062
174.298,-126.424,131.401,174.298,124.434,356.281
174.502,-126.606,131.587,174.502,124.615,356.491
174.701,-126.784,131.768,174.701,124.792,356.694
174.892,-126.959,131.945,174.892,124.965,356.889
175.078,-127.128,132.117,175.078,125.133,357.076
175.256,-127.294,132.285,175.256,125.298,357.256
175.428,-127.454,132.447,175.428,125.457,357.428
175.592,-127.61,132.605,175.592,125.613,357.592
175.75,-127.761,132.757,175.75,125.763,357.75
175.9,-127.907,132.904,175.9,125.908,357.9
176.044,-128.047,133.045,176.044,126.048,358.044
176.181,-128.182,133.181,176.181,126.183,358.181
176.311,-128.311,133.311,176.311,126.312,358.311
176.435,-128.435,133.435,176.435,126.435,358.435
176.553,-128.553,133.553,176.553,126.553,358.553
176.664,-128.664,133.664,176.664,126.664,358.664
176.77,-128.77,133.77,176.77,126.77,358.77
176.87,-128.87,133.87,176.87,126.87,358.87
176.965,-128.965,133.965,176.965,126.965,358.965
177.054,-129.054,134.054,177.054,127.054,359.054
177.138,-129.138,134.138,177.138,127.138,359.138
177.216,-129.216,134.216,177.216,127.216,359.216
177.29,-129.29,134.29,177.29,127.29,359.29
177.359,-129.359,134.359,177.359,127.359,359.359
177.423,-129.423,134.423,177.423,127.423,359.423
177.483,-129.483,134.483,177.483,127.483,359.483
177.539,-129.539,134.539,177.539,127.539,359.539
177.59,-129.59,134.59,177.59,127.59,359.59
177.638,-129.638,134.638,177.638,127.638,359.638
177.681,-129.681,134.681,177.681,127.681,359.681
177.721,-129.721,134.721,177.721,127.721,359.721
177.758,-129.758,134.758,177.758,127.758,359.758
177.791,-129.791,134.791,177.791,127.791,359.791
177.821,-129.821,134.821,177.821,127.821,359.821
177.848,-129.848,134.848,177.848,127.848,359.848
177.872,-129.872,134.872,177.872,127.872,359.872
177.894,-129.894,134.894,177.894,127.894,359.894
177.912,-129.912,134.912,177.912,127.912,359.912
177.929,-129.929,134.929,177.929,127.929,359.929
177.943,-129.943,134.943,177.943,127.943,359.943
177.956,-129.956,134.956,177.956,127.956,359.956
177.966,-129.966,134.966,177.966,127.966,359.966
177.974,-129.974,134.974,177.974,127.974,359.974
177.981,-129.981,134.981,177.981,127.981,359.981
177.987,-129.987,134.987,177.987,127.987,359.987
177.991,-129.991,134.991,177.991,127.991,359.991
177.995,-129.995,134.995,177.995,127.995,359.995
177.997,-129.997,134.997,177.997,127.997,359.997
177.998,-129.998,134.998,177.998,127.998,359.998
177.999,-129.999,134.999,177.999,127.999,359.999
178,-130,135,178,128,360
178,-130,135,178,128,360
178,-130,135,178,128,360
