0.0494557,-0.0361224,0.0375112,0.0494557,0.0355668,0.100011
0.0495344,-0.0362011,0.03759,0.0495344,0.0356456,0.10009
0.0497482,-0.0364149,0.0378037,0.0497482,0.0358593,0.100304
0.0501644,-0.0368311,0.03822,0.0501644,0.0362756,0.10072
0.0508507,-0.0375174,0.0389062,0.0508507,0.0369618,0.101406
0.0518744,-0.0385411,0.03993,0.0518744,0.0379856,0.10243
0.0533032,-0.0399699,0.0413587,0.0533032,0.0394143,0.103859
0.0552044,-0.0418711,0.04326,0.0552044,0.0413156,0.10576
0.0576457,-0.0443124,0.0457012,0.0576457,0.0437568,0.108201
0.0606944,-0.0473611,0.04875,0.0606944,0.0468056,0.11125
0.0644182,-0.0510849,0.0524737,0.0644182,0.0505293,0.114974
0.0688844,-0.0555511,0.05694,0.0688844,0.0549956,0.11944
0.0741607,-0.0608274,0.0622163,0.0741607,0.0602718,0.124716
0.0803144,-0.0669811,0.06837,0.0803144,0.0664256,0.13087
0.0874132,-0.0740799,0.0754688,0.0874132,0.0735243,0.137969
0.0955244,-0.0821911,0.08358,0.0955244,0.0816356,0.14608
0.104716,-0.0913824,0.0927713,0.104716,0.0908268,0.155271
0.115054,-0.101721,0.10311,0.115054,0.101166,0.16561
0.126608,-0.113275,0.114664,0.126608,0.112719,0.177164
0.139444,-0.126111,0.1275,0.139444,0.125556,0.19
0.153631,-0.140297,0.141686,0.153631,0.139742,0.204186
0.169234,-0.155901,0.15729,0.169234,0.155346,0.21979
0.186323,-0.17299,0.174379,0.186323,0.172434,0.236879
0.204964,-0.191631,0.19302,0.204964,0.191076,0.25552
0.225226,-0.211892,0.213281,0.225226,0.211337,0.275781
0.247174,-0.233841,0.23523,0.247174,0.233286,0.29773
0.270878,-0.257545,0.258934,0.270878,0.256989,0.321434
0.296404,-0.283071,0.28446,0.296404,0.282516,0.34696
0.323821,-0.310487,0.311876,0.323821,0.309932,0.374376
0.353194,-0.339861,0.34125,0.353194,0.339306,0.40375
0.384593,-0.37126,0.372649,0.384593,0.370704,0.435149
0.418084,-0.404751,0.40614,0.418084,0.404196,0.46864
0.453736,-0.440402,0.441791,0.453736,0.439847,0.504291
0.491614,-0.478281,0.47967,0.491614,0.477726,0.54217
0.531788,-0.518455,0.519844,0.531788,0.517899,0.582344
0.574324,-0.560991,0.56238,0.574324,0.560436,0.62488
0.619291,-0.605957,0.607346,0.619291,0.605402,0.669846
0.666754,-0.653421,0.65481,0.666754,0.652866,0.71731
0.716783,-0.70345,0.704839,0.716783,0.702894,0.767339
0.769444,-0.756111,0.7575,0.769444,0.755556,0.82
0.824806,-0.811472,0.812861,0.824806,0.810917,0.875361
0.882934,-0.869601,0.87099,0.882934,0.869046,0.93349
0.943898,-0.930565,0.931954,0.943898,0.930009,0.994454
1.00776,-0.994431,0.99582,1.00776,0.993876,1.05832
1.0746,-1.06127,1.06266,1.0746,1.06071,1.12516
1.14447,-1.13114,1.13253,1.14447,1.13059,1.19503
1.21745,-1.20412,1.20551,1.21745,1.20356,1.26801
1.2936,-1.28027,1.28166,1.2936,1.27972,1.34416
1.373,-1.35966,1.36105,1.373,1.35911,1.42355
1.45569,-1.44236,1.44375,1.45569,1.44181,1.50625
1.54177,-1.52843,1.52982,1.54177,1.52787,1.59232
1.63128,-1.61789,1.61934,1.63128,1.61726,1.68184
1.72431,-1.71067,1.71231,1.72431,1.70992,1.77487
1.82091,-1.8067,1.80867,1.82091,1.80577,1.87147
1.92116,-1.90592,1.90836,1.92116,1.90476,1.97172
2.02512,-2.00825,2.01131,2.02512,2.00681,2.07568
2.13287,-2.11364,2.11745,2.13287,2.11185,2.18342
2.24445,-2.22201,2.22671,2.24445,2.21982,2.29501
2.35996,-2.3333,2.33903,2.35996,2.33065,2.41051
2.47944,-2.44743,2.45434,2.47944,2.44427,2.53
2.60296,-2.56435,2.57257,2.60296,2.56062,2.65354
2.73044,-2.68398,2.69365,2.73044,2.67962,2.78119
2.86184,-2.80626,2.81752,2.86184,2.80121,2.91303
2.99708,-2.93112,2.9441,2.99708,2.92533,3.04912
3.1361,-3.05848,3.07334,3.1361,3.0519,3.18953
3.27882,-3.1883,3.20516,3.27882,3.18085,3.33433
3.42519,-3.32048,3.3395,3.42519,3.31213,3.48358
3.57512,-3.45498,3.47628,3.57512,3.44566,3.63733
3.72856,-3.59172,3.61545,3.72856,3.58138,3.79558
3.88544,-3.73063,3.75693,3.88544,3.71921,3.95833
4.04569,-3.87165,3.90065,4.04569,3.85909,4.12558
4.20924,-4.0147,4.04656,4.20924,4.00095,4.29733
4.37602,-4.15973,4.19457,4.37602,4.14473,4.47358
4.54598,-4.30666,4.34463,4.54598,4.29035,4.65433
4.71903,-4.45543,4.49667,4.71903,4.43776,4.83958
4.89511,-4.60596,4.65061,4.89511,4.58688,5.02933
5.07416,-4.7582,4.80639,5.07416,4.73764,5.22358
5.25611,-4.91207,4.96395,5.25611,4.88998,5.42233
5.44089,-5.06751,5.12321,5.44089,5.04383,5.62558
5.62843,-5.22445,5.28412,5.62843,5.19912,5.83333
5.81866,-5.38281,5.44659,5.81866,5.35578,6.04558
6.01153,-5.54255,5.61057,6.01153,5.51375,6.26233
6.20695,-5.70357,5.77598,6.20695,5.67297,6.48358
6.40486,-5.86583,5.94276,6.40486,5.83335,6.70933
6.6052,-6.02925,6.11084,6.6052,5.99484,6.93958
6.8079,-6.19376,6.28016,6.8079,6.15737,7.17433
7.01289,-6.3593,6.45064,7.01289,6.32087,7.41358
7.2201,-6.52579,6.62222,7.2201,6.48526,7.65733
7.42946,-6.69318,6.79483,7.42946,6.6505,7.90558
7.64091,-6.86139,6.9684,7.64091,6.8165,8.15833
7.85438,-7.03036,7.14287,7.85438,6.9832,8.41558
8.06981,-7.20001,7.31817,8.06981,7.15053,8.67733
8.28712,-7.37029,7.49423,8.28712,7.31843,8.94358
8.50624,-7.54112,7.67098,8.50624,7.48682,9.21433
8.72712,-7.71244,7.84836,8.72712,7.65565,9.48958
8.94968,-7.88418,8.0263,8.94968,7.82484,9.76933
9.17385,-8.05626,8.20473,9.17385,7.99432,10.0536
9.39958,-8.22864,8.38358,9.39958,8.16403,10.3423
9.62678,-8.40122,8.56279,9.62678,8.33389,10.6356
9.85539,-8.57396,8.74229,9.85539,8.50385,10.9333
10.0853,-8.74678,8.92201,10.0853,8.67384,11.2356
10.3166,-8.91961,9.10188,10.3166,8.84383,11.5423
10.549,-9.09245,9.28183,10.549,9.01382,11.8536
10.7826,-9.26529,9.46181,10.7826,9.18381,12.1693
11.0173,-9.43813,9.64179,11.0173,9.3538,12.4896
11.253,-9.61096,9.82177,11.253,9.52379,12.8143
11.4896,-9.7838,10.0018,11.4896,9.69378,13.1436
11.727,-9.95664,10.1817,11.727,9.86376,13.4773
11.9653,-10.1295,10.3617,11.9653,10.0338,13.8156
12.2044,-10.3023,10.5417,12.2044,10.2037,14.1583
12.4441,-10.4751,10.7217,12.4441,10.3737,14.5056
12.6844,-10.648,10.9017,12.6844,10.5437,14.8573
12.9252,-10.8208,11.0816,12.9252,10.7137,15.2136
13.1665,-10.9937,11.2616,13.1665,10.8837,15.5743
13.4082,-11.1665,11.4416,13.4082,11.0537,15.9396
13.6502,-11.3393,11.6216,13.6502,11.2237,16.3093
13.8925,-11.5122,11.8016,13.8925,11.3937,16.6836
14.135,-11.685,11.9815,14.135,11.5637,17.0623
14.3776,-11.8578,12.1615,14.3776,11.7336,17.4456
14.6203,-12.0307,12.3415,14.6203,11.9036,17.8333
14.863,-12.2035,12.5215,14.863,12.0736,18.2256
15.1057,-12.3764,12.7015,15.1057,12.2436,18.6222
15.3484,-12.5492,12.8814,15.3484,12.4136,19.0233
15.5911,-12.722,13.0614,15.5911,12.5836,19.4286
15.8338,-12.8949,13.2414,15.8338,12.7536,19.8382
16.0765,-13.0677,13.4214,16.0765,12.9236,20.2519
16.3192,-13.2405,13.6014,16.3192,13.0936,20.6697
16.5619,-13.4134,13.7813,16.5619,13.2635,21.0916
16.8046,-13.5862,13.9613,16.8046,13.4335,21.5174
17.0473,-13.7591,14.1413,17.0473,13.6035,21.9471
17.29,-13.9319,14.3213,17.29,13.7735,22.3806
17.5327,-14.1047,14.5013,17.5327,13.9435,22.8179
17.7754,-14.2776,14.6812,17.7754,14.1135,23.2589
18.0181,-14.4504,14.8612,18.0181,14.2835,23.7035
18.2608,-14.6232,15.0412,18.2608,14.4535,24.1516
18.5035,-14.7961,15.2212,18.5035,14.6234,24.6033
18.7462,-14.9689,15.4012,18.7462,14.7934,25.0583
18.9889,-15.1417,15.5811,18.9889,14.9634,25.5167
19.2316,-15.3146,15.7611,19.2316,15.1334,25.9784
19.4743,-15.4874,15.9411,19.4743,15.3034,26.4433
19.7169,-15.6603,16.1211,19.7169,15.4734,26.9114
19.9596,-15.8331,16.3011,19.9596,15.6434,27.3825
20.2023,-16.0059,16.481,20.2023,15.8134,27.8567
20.445,-16.1788,16.661,20.445,15.9834,28.3338
20.6877,-16.3516,16.841,20.6877,16.1533,28.8138
20.9304,-16.5244,17.021,20.9304,16.3233,29.2966
21.1731,-16.6973,17.201,21.1731,16.4933,29.7821
21.4158,-16.8701,17.3809,21.4158,16.6633,30.2704
21.6585,-17.043,17.5609,21.6585,16.8333,30.7612
21.9012,-17.2158,17.7409,21.9012,17.0033,31.2546
22.1439,-17.3886,17.9209,22.1439,17.1733,31.7504
22.3866,-17.5615,18.1009,22.3866,17.3433,32.2487
22.6293,-17.7343,18.2808,22.6293,17.5133,32.7493
22.872,-17.9071,18.4608,22.872,17.6832,33.2522
23.1147,-18.08,18.6408,23.1147,17.8532,33.7572
23.3574,-18.2528,18.8208,23.3574,18.0232,34.2645
23.6001,-18.4257,19.0008,23.6001,18.1932,34.7737
23.8428,-18.5985,19.1807,23.8428,18.3632,35.285
24.0855,-18.7713,19.3607,24.0855,18.5332,35.7982
24.3282,-18.9442,19.5407,24.3282,18.7032,36.3133
24.5709,-19.117,19.7207,24.5709,18.8732,36.8302
24.8136,-19.2898,19.9007,24.8136,19.0432,37.3488
25.0563,-19.4627,20.0806,25.0563,19.2131,37.8691
25.299,-19.6355,20.2606,25.299,19.3831,38.391
25.5417,-19.8084,20.4406,25.5417,19.5531,38.9144
25.7844,-19.9812,20.6206,25.7844,19.7231,39.4393
26.0271,-20.154,20.8006,26.0271,19.8931,39.9656
26.2697,-20.3269,20.9805,26.2697,20.0631,40.4932
26.5124,-20.4997,21.1605,26.5124,20.2331,41.022
26.7551,-20.6725,21.3405,26.7551,20.4031,41.5521
26.9978,-20.8454,21.5205,26.9978,20.5731,42.0833
27.2405,-21.0182,21.7005,27.2405,20.743,42.6155
27.4832,-21.191,21.8804,27.4832,20.913,43.1487
27.7259,-21.3639,22.0604,27.7259,21.083,43.6829
27.9686,-21.5367,22.2404,27.9686,21.253,44.2179
28.2113,-21.7096,22.4204,28.2113,21.423,44.7537
28.454,-21.8824,22.6004,28.454,21.593,45.2902
28.6967,-22.0552,22.7803,28.6967,21.763,45.8273
28.9394,-22.2281,22.9603,28.9394,21.933,46.3651
29.1821,-22.4009,23.1403,29.1821,22.103,46.9033
29.4248,-22.5737,23.3203,29.4248,22.2729,47.442
29.6675,-22.7466,23.5003,29.6675,22.4429,47.9811
29.9102,-22.9194,23.6802,29.9102,22.6129,48.5206
30.1529,-23.0923,23.8602,30.1529,22.7829,49.0602
30.3956,-23.2651,24.0402,30.3956,22.9529,49.6001
30.6383,-23.4379,24.2202,30.6383,23.1229,50.14
30.881,-23.6108,24.4002,30.881,23.2929,50.68
31.1237,-23.7836,24.5801,31.1237,23.4629,51.22
31.3664,-23.9564,24.7601,31.3664,23.6329,51.76
31.6091,-24.1293,24.9401,31.6091,23.8028,52.3
31.8518,-24.3021,25.1201,31.8518,23.9728,52.84
32.0945,-24.475,25.3001,32.0945,24.1428,53.38
32.3372,-24.6478,25.48,32.3372,24.3128,53.92
32.5799,-24.8206,25.66,32.5799,24.4828,54.46
32.8225,-24.9935,25.84,32.8225,24.6528,55
33.0652,-25.1663,26.02,33.0652,24.8228,55.54
33.3079,-25.3391,26.2,33.3079,24.9928,56.08
33.5506,-25.512,26.3799,33.5506,25.1628,56.62
33.7933,-25.6848,26.5599,33.7933,25.3327,57.16
34.036,-25.8576,26.7399,34.036,25.5027,57.7
34.2787,-26.0305,26.9199,34.2787,25.6727,58.24
34.5214,-26.2033,27.0999,34.5214,25.8427,58.78
34.7641,-26.3762,27.2799,34.7641,26.0127,59.32
35.0068,-26.549,27.4598,35.0068,26.1827,59.86
35.2495,-26.7218,27.6398,35.2495,26.3527,60.4
35.4922,-26.8947,27.8198,35.4922,26.5227,60.94
35.7349,-27.0675,27.9998,35.7349,26.6927,61.48
35.9776,-27.2403,28.1798,35.9776,26.8626,62.02
36.2203,-27.4132,28.3597,36.2203,27.0326,62.56
36.463,-27.586,28.5397,36.463,27.2026,63.1
36.7057,-27.7589,28.7197,36.7057,27.3726,63.64
36.9484,-27.9317,28.8997,36.9484,27.5426,64.18
37.1911,-28.1045,29.0797,37.1911,27.7126,64.72
37.4338,-28.2774,29.2596,37.4338,27.8826,65.26
37.6765,-28.4502,29.4396,37.6765,28.0526,65.8
37.9192,-28.623,29.6196,37.9192,28.2226,66.34
38.1619,-28.7959,29.7996,38.1619,28.3925,66.88
38.4046,-28.9687,29.9796,38.4046,28.5625,67.42
38.6473,-29.1416,30.1595,38.6473,28.7325,67.96
38.89,-29.3144,30.3395,38.89,28.9025,68.5
39.1327,-29.4872,30.5195,39.1327,29.0725,69.04
39.3753,-29.6601,30.6995,39.3753,29.2425,69.58
39.618,-29.8329,30.8795,39.618,29.4125,70.12
39.8607,-30.0057,31.0594,39.8607,29.5825,70.66
40.1034,-30.1786,31.2394,40.1034,29.7524,71.2
40.3461,-30.3514,31.4194,40.3461,29.9224,71.74
40.5888,-30.5243,31.5994,40.5888,30.0924,72.28
40.8315,-30.6971,31.7794,40.8315,30.2624,72.82
41.0742,-30.8699,31.9593,41.0742,30.4324,73.36
41.3169,-31.0428,32.1393,41.3169,30.6024,73.9
41.5596,-31.2156,32.3193,41.5596,30.7724,74.44
41.8023,-31.3884,32.4993,41.8023,30.9424,74.98
42.045,-31.5613,32.6793,42.045,31.1124,75.52
42.2877,-31.7341,32.8592,42.2877,31.2823,76.06
42.5304,-31.9069,33.0392,42.5304,31.4523,76.6
42.7731,-32.0798,33.2192,42.7731,31.6223,77.14
43.0158,-32.2526,33.3992,43.0158,31.7923,77.68
43.2585,-32.4255,33.5792,43.2585,31.9623,78.22
43.5012,-32.5983,33.7591,43.5012,32.1323,78.76
43.7439,-32.7711,33.9391,43.7439,32.3023,79.3
43.9866,-32.944,34.1191,43.9866,32.4723,79.84
44.2293,-33.1168,34.2991,44.2293,32.6423,80.38
44.472,-33.2896,34.4791,44.472,32.8122,80.92
44.7147,-33.4625,34.659,44.7147,32.9822,81.46
44.9574,-33.6353,34.839,44.9574,33.1522,82
45.2001,-33.8082,35.019,45.2001,33.3222,82.54
45.4428,-33.981,35.199,45.4428,33.4922,83.08
45.6855,-34.1538,35.379,45.6855,33.6622,83.62
45.9281,-34.3267,35.5589,45.9281,33.8322,84.16
46.1708,-34.4995,35.7389,46.1708,34.0022,84.7
46.4135,-34.6723,35.9189,46.4135,34.1722,85.24
46.6562,-34.8452,36.0989,46.6562,34.3421,85.78
46.8989,-35.018,36.2789,46.8989,34.5121,86.32
47.1416,-35.1909,36.4588,47.1416,34.6821,86.86
47.3843,-35.3637,36.6388,47.3843,34.8521,87.4
47.627,-35.5365,36.8188,47.627,35.0221,87.94
47.8697,-35.7094,36.9988,47.8697,35.1921,88.48
48.1124,-35.8822,37.1788,48.1124,35.3621,89.02
48.3551,-36.055,37.3587,48.3551,35.5321,89.56
48.5978,-36.2279,37.5387,48.5978,35.7021,90.1
48.8405,-36.4007,37.7187,48.8405,35.872,90.64
49.0832,-36.5736,37.8987,49.0832,36.042,91.18
49.3259,-36.7464,38.0787,49.3259,36.212,91.72
49.5686,-36.9192,38.2586,49.5686,36.382,92.26
49.8113,-37.0921,38.4386,49.8113,36.552,92.8
50.054,-37.2649,38.6186,50.054,36.722,93.34
50.2967,-37.4377,38.7986,50.2967,36.892,93.88
50.5394,-37.6106,38.9786,50.5394,37.062,94.42
50.7821,-37.7834,39.1585,50.7821,37.232,94.96
51.0248,-37.9562,39.3385,51.0248,37.4019,95.5
51.2675,-38.1291,39.5185,51.2675,37.5719,96.04
51.5102,-38.3019,39.6985,51.5102,37.7419,96.58
51.7529,-38.4748,39.8785,51.7529,37.9119,97.12
51.9956,-38.6476,40.0584,51.9956,38.0819,97.66
52.2383,-38.8204,40.2384,52.2383,38.2519,98.2
52.4809,-38.9933,40.4184,52.4809,38.4219,98.74
52.7236,-39.1661,40.5984,52.7236,38.5919,99.28
52.9663,-39.3389,40.7784,52.9663,38.7619,99.82
53.209,-39.5118,40.9583,53.209,38.9318,100.36
53.4517,-39.6846,41.1383,53.4517,39.1018,100.9
53.6944,-39.8575,41.3183,53.6944,39.2718,101.44
53.9371,-40.0303,41.4983,53.9371,39.4418,101.98
54.1798,-40.2031,41.6783,54.1798,39.6118,102.52
54.4225,-40.376,41.8582,54.4225,39.7818,103.06
54.6652,-40.5488,42.0382,54.6652,39.9518,103.6
54.9079,-40.7216,42.2182,54.9079,40.1218,104.14
55.1506,-40.8945,42.3982,55.1506,40.2918,104.68
55.3933,-41.0673,42.5782,55.3933,40.4617,105.22
55.636,-41.2402,42.7581,55.636,40.6317,105.76
55.8787,-41.413,42.9381,55.8787,40.8017,106.3
56.1214,-41.5858,43.1181,56.1214,40.9717,106.84
56.3641,-41.7587,43.2981,56.3641,41.1417,107.38
56.6068,-41.9315,43.4781,56.6068,41.3117,107.92
56.8495,-42.1043,43.658,56.8495,41.4817,108.46
57.0922,-42.2772,43.838,57.0922,41.6517,109
57.3349,-42.45,44.018,57.3349,41.8217,109.54
57.5776,-42.6228,44.198,57.5776,41.9916,110.08
57.8203,-42.7957,44.378,57.8203,42.1616,110.62
58.063,-42.9685,44.5579,58.063,42.3316,111.16
58.3057,-43.1414,44.7379,58.3057,42.5016,111.7
58.5484,-43.3142,44.9179,58.5484,42.6716,112.24
58.7911,-43.487,45.0979,58.7911,42.8416,112.78
59.0338,-43.6599,45.2779,59.0338,43.0116,113.32
59.2764,-43.8327,45.4578,59.2764,43.1816,113.86
59.5191,-44.0055,45.6378,59.5191,43.3516,114.4
59.7618,-44.1784,45.8178,59.7618,43.5215,114.94
60.0045,-44.3512,45.9978,60.0045,43.6915,115.48
60.2472,-44.5241,46.1778,60.2472,43.8615,116.02
60.4899,-44.6969,46.3577,60.4899,44.0315,116.56
60.7326,-44.8697,46.5377,60.7326,44.2015,117.1
60.9753,-45.0426,46.7177,60.9753,44.3715,117.64
61.218,-45.2154,46.8977,61.218,44.5415,118.18
61.4607,-45.3882,47.0777,61.4607,44.7115,118.72
61.7034,-45.5611,47.2576,61.7034,44.8814,119.26
61.9461,-45.7339,47.4376,61.9461,45.0514,119.8
62.1888,-45.9068,47.6176,62.1888,45.2214,120.34
62.4315,-46.0796,47.7976,62.4315,45.3914,120.88
62.6742,-46.2524,47.9776,62.6742,45.5614,121.42
62.9169,-46.4253,48.1575,62.9169,45.7314,121.96
63.1596,-46.5981,48.3375,63.1596,45.9014,122.5
63.4023,-46.7709,48.5175,63.4023,46.0714,123.04
63.645,-46.9438,48.6975,63.645,46.2414,123.58
63.8877,-47.1166,48.8775,63.8877,46.4113,124.12
64.1304,-47.2895,49.0575,64.1304,46.5813,124.66
64.3731,-47.4623,49.2374,64.3731,46.7513,125.2
64.6158,-47.6351,49.4174,64.6158,46.9213,125.74
64.8585,-47.808,49.5974,64.8585,47.0913,126.28
65.1012,-47.9808,49.7774,65.1012,47.2613,126.82
65.3439,-48.1536,49.9574,65.3439,47.4313,127.36
65.5866,-48.3265,50.1373,65.5866,47.6013,127.9
65.8292,-48.4993,50.3173,65.8292,47.7713,128.44
66.0719,-48.6721,50.4973,66.0719,47.9412,128.98
66.3146,-48.845,50.6773,66.3146,48.1112,129.52
66.5573,-49.0178,50.8573,66.5573,48.2812,130.06
66.8,-49.1907,51.0372,66.8,48.4512,130.6
67.0427,-49.3635,51.2172,67.0427,48.6212,131.14
67.2854,-49.5363,51.3972,67.2854,48.7912,131.68
67.5281,-49.7092,51.5772,67.5281,48.9612,132.22
67.7708,-49.882,51.7572,67.7708,49.1312,132.76
68.0135,-50.0548,51.9371,68.0135,49.3012,133.3
68.2562,-50.2277,52.1171,68.2562,49.4711,133.84
68.4989,-50.4005,52.2971,68.4989,49.6411,134.38
68.7416,-50.5734,52.4771,68.7416,49.8111,134.92
68.9843,-50.7462,52.6571,68.9843,49.9811,135.46
69.227,-50.919,52.837,69.227,50.1511,136
69.4697,-51.0919,53.017,69.4697,50.3211,136.54
69.7124,-51.2647,53.197,69.7124,50.4911,137.08
69.9551,-51.4375,53.377,69.9551,50.6611,137.62
70.1978,-51.6104,53.557,70.1978,50.8311,138.16
70.4405,-51.7832,53.7369,70.4405,51.001,138.7
70.6832,-51.9561,53.9169,70.6832,51.171,139.24
70.9259,-52.1289,54.0969,70.9259,51.341,139.78
71.1686,-52.3017,54.2769,71.1686,51.511,140.32
71.4113,-52.4746,54.4569,71.4113,51.681,140.86
71.654,-52.6474,54.6368,71.654,51.851,141.4
71.8967,-52.8202,54.8168,71.8967,52.021,141.94
72.1394,-52.9931,54.9968,72.1394,52.191,142.48
72.382,-53.1659,55.1768,72.382,52.361,143.02
72.6247,-53.3387,55.3568,72.6247,52.5309,143.56
72.8674,-53.5116,55.5367,72.8674,52.7009,144.1
73.1101,-53.6844,55.7167,73.1101,52.8709,144.64
73.3528,-53.8573,55.8967,73.3528,53.0409,145.18
73.5955,-54.0301,56.0767,73.5955,53.2109,145.72
73.8382,-54.2029,56.2567,73.8382,53.3809,146.26
74.0809,-54.3758,56.4366,74.0809,53.5509,146.8
74.3236,-54.5486,56.6166,74.3236,53.7209,147.34
74.5663,-54.7214,56.7966,74.5663,53.8909,147.88
74.809,-54.8943,56.9766,74.809,54.0608,148.42
75.0517,-55.0671,57.1566,75.0517,54.2308,148.96
75.2944,-55.24,57.3365,75.2944,54.4008,149.5
75.5371,-55.4128,57.5165,75.5371,54.5708,150.04
75.7798,-55.5856,57.6965,75.7798,54.7408,150.58
76.0225,-55.7585,57.8765,76.0225,54.9108,151.12
76.2652,-55.9313,58.0565,76.2652,55.0808,151.66
76.5079,-56.1041,58.2364,76.5079,55.2508,152.2
76.7506,-56.277,58.4164,76.7506,55.4208,152.74
76.9933,-56.4498,58.5964,76.9933,55.5907,153.28
77.236,-56.6227,58.7764,77.236,55.7607,153.82
77.4787,-56.7955,58.9564,77.4787,55.9307,154.36
77.7214,-56.9683,59.1363,77.7214,56.1007,154.9
77.9641,-57.1412,59.3163,77.9641,56.2707,155.44
78.2068,-57.314,59.4963,78.2068,56.4407,155.98
78.4495,-57.4868,59.6763,78.4495,56.6107,156.52
78.6922,-57.6597,59.8563,78.6922,56.7807,157.06
78.9348,-57.8325,60.0362,78.9348,56.9507,157.6
79.1775,-58.0054,60.2162,79.1775,57.1206,158.14
79.4202,-58.1782,60.3962,79.4202,57.2906,158.68
79.6629,-58.351,60.5762,79.6629,57.4606,159.22
79.9056,-58.5239,60.7562,79.9056,57.6306,159.76
80.1483,-58.6967,60.9361,80.1483,57.8006,160.3
80.391,-58.8695,61.1161,80.391,57.9706,160.84
80.6337,-59.0424,61.2961,80.6337,58.1406,161.38
80.8764,-59.2152,61.4761,80.8764,58.3106,161.92
81.1191,-59.388,61.6561,81.1191,58.4806,162.46
81.3618,-59.5609,61.836,81.3618,58.6505,163
81.6045,-59.7337,62.016,81.6045,58.8205,163.54
81.8472,-59.9066,62.196,81.8472,58.9905,164.08
82.0899,-60.0794,62.376,82.0899,59.1605,164.62
82.3326,-60.2522,62.556,82.3326,59.3305,165.16
82.5753,-60.4251,62.7359,82.5753,59.5005,165.7
82.818,-60.5979,62.9159,82.818,59.6705,166.24
83.0607,-60.7707,63.0959,83.0607,59.8405,166.78
83.3034,-60.9436,63.2759,83.3034,60.0105,167.32
83.5461,-61.1164,63.4559,83.5461,60.1804,167.86
83.7888,-61.2893,63.6358,83.7888,60.3504,168.4
84.0315,-61.4621,63.8158,84.0315,60.5204,168.94
84.2742,-61.6349,63.9958,84.2742,60.6904,169.48
84.5169,-61.8078,64.1758,84.5169,60.8604,170.02
84.7596,-61.9806,64.3558,84.7596,61.0304,170.56
85.0023,-62.1534,64.5357,85.0023,61.2004,171.1
85.245,-62.3263,64.7157,85.245,61.3704,171.64
85.4876,-62.4991,64.8957,85.4876,61.5403,172.18
85.7303,-62.672,65.0757,85.7303,61.7103,172.72
85.973,-62.8448,65.2557,85.973,61.8803,173.26
86.2157,-63.0176,65.4356,86.2157,62.0503,173.8
86.4584,-63.1905,65.6156,86.4584,62.2203,174.34
86.7011,-63.3633,65.7956,86.7011,62.3903,174.88
86.9438,-63.5361,65.9756,86.9438,62.5603,175.42
87.1865,-63.709,66.1556,87.1865,62.7303,175.96
87.4292,-63.8818,66.3355,87.4292,62.9003,176.5
87.6719,-64.0546,66.5155,87.6719,63.0702,177.04
87.9146,-64.2275,66.6955,87.9146,63.2402,177.58
88.1573,-64.4003,66.8755,88.1573,63.4102,178.12
88.4,-64.5732,67.0555,88.4,63.5802,178.66
88.6427,-64.746,67.2354,88.6427,63.7502,179.2
88.8854,-64.9188,67.4154,88.8854,63.9202,179.74
89.1281,-65.0917,67.5954,89.1281,64.0902,180.28
89.3708,-65.2645,67.7754,89.3708,64.2602,180.82
89.6135,-65.4373,67.9554,89.6135,64.4302,181.36
89.8562,-65.6102,68.1353,89.8562,64.6001,181.9
90.0989,-65.783,68.3153,90.0989,64.7701,182.44
90.3416,-65.9559,68.4953,90.3416,64.9401,182.98
90.5843,-66.1287,68.6753,90.5843,65.1101,183.52
90.827,-66.3015,68.8553,90.827,65.2801,184.06
91.0697,-66.4744,69.0352,91.0697,65.4501,184.6
91.3124,-66.6472,69.2152,91.3124,65.6201,185.14
91.5551,-66.82,69.3952,91.5551,65.7901,185.68
91.7978,-66.9929,69.5752,91.7978,65.9601,186.22
92.0404,-67.1657,69.7552,92.0404,66.13,186.76
92.2831,-67.3386,69.9352,92.2831,66.3,187.3
92.5258,-67.5114,70.1151,92.5258,66.47,187.84
92.7685,-67.6842,70.2951,92.7685,66.64,188.38
93.0112,-67.8571,70.4751,93.0112,66.81,188.92
93.2539,-68.0299,70.6551,93.2539,66.98,189.46
93.4966,-68.2027,70.8351,93.4966,67.15,190
93.7393,-68.3756,71.015,93.7393,67.32,190.54
93.982,-68.5484,71.195,93.982,67.49,191.08
94.2247,-68.7213,71.375,94.2247,67.6599,191.62
94.4674,-68.8941,71.555,94.4674,67.8299,192.16
94.7101,-69.0669,71.735,94.7101,67.9999,192.7
94.9528,-69.2398,71.9149,94.9528,68.1699,193.24
95.1955,-69.4126,72.0949,95.1955,68.3399,193.78
95.4382,-69.5854,72.2749,95.4382,68.5099,194.32
95.6809,-69.7583,72.4549,95.6809,68.6799,194.86
95.9236,-69.9311,72.6349,95.9236,68.8499,195.4
96.1663,-70.1039,72.8148,96.1663,69.0199,195.94
96.409,-70.2768,72.9948,96.409,69.1898,196.48
96.6517,-70.4496,73.1748,96.6517,69.3598,197.02
96.8944,-70.6225,73.3548,96.8944,69.5298,197.56
97.1371,-70.7953,73.5348,97.1371,69.6998,198.1
97.3798,-70.9681,73.7147,97.3798,69.8698,198.64
97.6225,-71.141,73.8947,97.6225,70.0398,199.18
97.8652,-71.3138,74.0747,97.8652,70.2098,199.72
98.1079,-71.4866,74.2547,98.1079,70.3798,200.26
98.3506,-71.6595,74.4347,98.3506,70.5498,200.8
98.5932,-71.8323,74.6146,98.5932,70.7197,201.34
98.8359,-72.0052,74.7946,98.8359,70.8897,201.88
99.0786,-72.178,74.9746,99.0786,71.0597,202.42
99.3213,-72.3508,75.1546,99.3213,71.2297,202.96
99.564,-72.5237,75.3346,99.564,71.3997,203.5
99.8067,-72.6965,75.5145,99.8067,71.5697,204.04
100.049,-72.8693,75.6945,100.049,71.7397,204.58
100.292,-73.0422,75.8745,100.292,71.9097,205.12
100.535,-73.215,76.0545,100.535,72.0797,205.66
100.778,-73.3879,76.2345,100.778,72.2496,206.2
101.02,-73.5607,76.4144,101.02,72.4196,206.74
101.263,-73.7335,76.5944,101.263,72.5896,207.28
101.506,-73.9064,76.7744,101.506,72.7596,207.82
101.748,-74.0792,76.9544,101.748,72.9296,208.36
101.991,-74.252,77.1344,101.991,73.0996,208.9
102.234,-74.4249,77.3143,102.234,73.2696,209.44
102.476,-74.5977,77.4943,102.476,73.4396,209.98
102.719,-74.7705,77.6743,102.719,73.6096,210.52
102.962,-74.9434,77.8543,102.962,73.7795,211.06
103.204,-75.1162,78.0343,103.204,73.9495,211.6
103.447,-75.2891,78.2142,103.447,74.1195,212.14
103.69,-75.4619,78.3942,103.69,74.2895,212.68
103.933,-75.6347,78.5742,103.933,74.4595,213.22
104.175,-75.8076,78.7542,104.175,74.6295,213.76
104.418,-75.9804,78.9342,104.418,74.7995,214.3
104.661,-76.1532,79.1141,104.661,74.9695,214.84
104.903,-76.3261,79.2941,104.903,75.1395,215.38
105.146,-76.4989,79.4741,105.146,75.3094,215.92
105.389,-76.6718,79.6541,105.389,75.4794,216.46
105.631,-76.8446,79.8341,105.631,75.6494,217
105.874,-77.0174,80.014,105.874,75.8194,217.54
106.117,-77.1903,80.194,106.117,75.9894,218.08
106.36,-77.3631,80.374,106.36,76.1594,218.62
106.602,-77.5359,80.554,106.602,76.3294,219.16
106.845,-77.7088,80.734,106.845,76.4994,219.7
107.088,-77.8816,80.9139,107.088,76.6693,220.24
107.33,-78.0545,81.0939,107.33,76.8393,220.78
107.573,-78.2273,81.2739,107.573,77.0093,221.32
107.816,-78.4001,81.4539,107.816,77.1793,221.86
108.058,-78.573,81.6339,108.058,77.3493,222.4
108.301,-78.7458,81.8138,108.301,77.5193,222.94
108.544,-78.9186,81.9938,108.544,77.6893,223.48
108.786,-79.0915,82.1738,108.786,77.8593,224.02
109.029,-79.2643,82.3538,109.029,78.0293,224.56
109.272,-79.4372,82.5338,109.272,78.1992,225.1
109.515,-79.61,82.7137,109.515,78.3692,225.64
109.757,-79.7828,82.8937,109.757,78.5392,226.18
110,-79.9557,83.0737,110,78.7092,226.72
110.243,-80.1285,83.2537,110.243,78.8792,227.26
110.485,-80.3013,83.4337,110.485,79.0492,227.8
110.728,-80.4742,83.6136,110.728,79.2192,228.34
110.971,-80.647,83.7936,110.971,79.3892,228.88
111.213,-80.8198,83.9736,111.213,79.5592,229.42
111.456,-80.9927,84.1536,111.456,79.7291,229.96
111.699,-81.1655,84.3336,111.699,79.8991,230.5
111.942,-81.3384,84.5135,111.942,80.0691,231.04
112.184,-81.5112,84.6935,112.184,80.2391,231.58
112.427,-81.684,84.8735,112.427,80.4091,232.12
112.67,-81.8569,85.0535,112.67,80.5791,232.66
112.912,-82.0297,85.2335,112.912,80.7491,233.2
113.155,-82.2025,85.4134,113.155,80.9191,233.74
113.398,-82.3754,85.5934,113.398,81.0891,234.28
113.64,-82.5482,85.7734,113.64,81.259,234.82
113.883,-82.7211,85.9534,113.883,81.429,235.36
114.126,-82.8939,86.1334,114.126,81.599,235.9
114.369,-83.0667,86.3133,114.369,81.769,236.44
114.611,-83.2396,86.4933,114.611,81.939,236.98
114.854,-83.4124,86.6733,114.854,82.109,237.52
115.097,-83.5852,86.8533,115.097,82.279,238.06
115.339,-83.7581,87.0333,115.339,82.449,238.6
115.582,-83.9309,87.2132,115.582,82.619,239.14
115.825,-84.1038,87.3932,115.825,82.7889,239.68
116.067,-84.2766,87.5732,116.067,82.9589,240.22
116.31,-84.4494,87.7532,116.31,83.1289,240.76
116.553,-84.6223,87.9332,116.553,83.2989,241.3
116.795,-84.7951,88.1131,116.795,83.4689,241.84
117.038,-84.9679,88.2931,117.038,83.6389,242.38
117.281,-85.1408,88.4731,117.281,83.8089,242.92
117.524,-85.3136,88.6531,117.524,83.9789,243.46
117.766,-85.4864,88.8331,117.766,84.1489,244
118.009,-85.6593,89.013,118.009,84.3188,244.54
118.252,-85.8321,89.193,118.252,84.4888,245.08
118.494,-86.005,89.373,118.494,84.6588,245.62
118.737,-86.1778,89.553,118.737,84.8288,246.16
118.98,-86.3506,89.733,118.98,84.9988,246.7
119.222,-86.5235,89.9129,119.222,85.1688,247.24
119.465,-86.6963,90.0929,119.465,85.3388,247.78
119.708,-86.8691,90.2729,119.708,85.5088,248.32
119.951,-87.042,90.4529,119.951,85.6788,248.86
120.193,-87.2148,90.6329,120.193,85.8487,249.4
120.436,-87.3877,90.8129,120.436,86.0187,249.94
120.679,-87.5605,90.9928,120.679,86.1887,250.48
120.921,-87.7333,91.1728,120.921,86.3587,251.02
121.164,-87.9062,91.3528,121.164,86.5287,251.56
121.407,-88.079,91.5328,121.407,86.6987,252.1
121.649,-88.2518,91.7128,121.649,86.8687,252.64
121.892,-88.4247,91.8927,121.892,87.0387,253.18
122.135,-88.5975,92.0727,122.135,87.2087,253.72
122.377,-88.7704,92.2527,122.377,87.3786,254.26
122.62,-88.9432,92.4327,122.62,87.5486,254.8
122.863,-89.116,92.6127,122.863,87.7186,255.34
123.106,-89.2889,92.7926,123.106,87.8886,255.88
123.348,-89.4617,92.9726,123.348,88.0586,256.42
123.591,-89.6345,93.1526,123.591,88.2286,256.96
123.834,-89.8074,93.3326,123.834,88.3986,257.5
124.076,-89.9802,93.5126,124.076,88.5686,258.04
124.319,-90.1531,93.6925,124.319,88.7386,258.58
124.562,-90.3259,93.8725,124.562,88.9085,259.12
124.804,-90.4987,94.0525,124.804,89.0785,259.66
125.047,-90.6716,94.2325,125.047,89.2485,260.2
125.29,-90.8444,94.4125,125.29,89.4185,260.74
125.533,-91.0172,94.5924,125.533,89.5885,261.28
125.775,-91.1901,94.7724,125.775,89.7585,261.82
126.018,-91.3629,94.9524,126.018,89.9285,262.36
126.261,-91.5357,95.1324,126.261,90.0985,262.9
126.503,-91.7086,95.3124,126.503,90.2685,263.44
126.746,-91.8814,95.4923,126.746,90.4384,263.98
126.989,-92.0543,95.6723,126.989,90.6084,264.52
127.231,-92.2271,95.8523,127.231,90.7784,265.06
127.474,-92.3999,96.0323,127.474,90.9484,265.6
127.717,-92.5728,96.2123,127.717,91.1184,266.14
127.96,-92.7456,96.3922,127.96,91.2884,266.68
128.202,-92.9184,96.5722,128.202,91.4584,267.22
128.445,-93.0913,96.7522,128.445,91.6284,267.76
128.688,-93.2641,96.9322,128.688,91.7983,268.3
128.93,-93.437,97.1122,128.93,91.9683,268.84
129.173,-93.6098,97.2921,129.173,92.1383,269.38
129.416,-93.7826,97.4721,129.416,92.3083,269.92
129.658,-93.9555,97.6521,129.658,92.4783,270.46
129.901,-94.1283,97.8321,129.901,92.6483,271
130.144,-94.3011,98.0121,130.144,92.8183,271.54
130.386,-94.474,98.192,130.386,92.9883,272.08
130.629,-94.6468,98.372,130.629,93.1583,272.62
130.872,-94.8197,98.552,130.872,93.3282,273.16
131.115,-94.9925,98.732,131.115,93.4982,273.7
131.357,-95.1653,98.912,131.357,93.6682,274.24
131.6,-95.3382,99.0919,131.6,93.8382,274.78
131.843,-95.511,99.2719,131.843,94.0082,275.32
132.085,-95.6838,99.4519,132.085,94.1782,275.86
132.328,-95.8567,99.6319,132.328,94.3482,276.4
132.571,-96.0295,99.8119,132.571,94.5182,276.94
132.813,-96.2023,99.9918,132.813,94.6882,277.48
133.056,-96.3752,100.172,133.056,94.8581,278.02
133.299,-96.548,100.352,133.299,95.0281,278.56
133.542,-96.7209,100.532,133.542,95.1981,279.1
133.784,-96.8937,100.712,133.784,95.3681,279.64
134.027,-97.0665,100.892,134.027,95.5381,280.18
134.27,-97.2394,101.072,134.27,95.7081,280.72
134.512,-97.4122,101.252,134.512,95.8781,281.26
134.755,-97.585,101.432,134.755,96.0481,281.8
134.998,-97.7579,101.612,134.998,96.2181,282.34
135.24,-97.9307,101.792,135.24,96.388,282.88
135.483,-98.1036,101.972,135.483,96.558,283.42
135.726,-98.2764,102.152,135.726,96.728,283.96
135.968,-98.4492,102.332,135.968,96.898,284.5
136.211,-98.6221,102.512,136.211,97.068,285.04
136.454,-98.7949,102.692,136.454,97.238,285.58
136.697,-98.9677,102.872,136.697,97.408,286.12
136.939,-99.1406,103.052,136.939,97.578,286.66
137.182,-99.3134,103.231,137.182,97.748,287.2
137.425,-99.4863,103.411,137.425,97.9179,287.74
137.667,-99.6591,103.591,137.667,98.0879,288.28
137.91,-99.8319,103.771,137.91,98.2579,288.82
138.153,-100.005,103.951,138.153,98.4279,289.36
138.395,-100.178,104.131,138.395,98.5979,289.9
138.638,-100.35,104.311,138.638,98.7679,290.44
138.881,-100.523,104.491,138.881,98.9379,290.98
139.124,-100.696,104.671,139.124,99.1079,291.52
139.366,-100.869,104.851,139.366,99.2779,292.06
139.609,-101.042,105.031,139.609,99.4478,292.6
139.852,-101.215,105.211,139.852,99.6178,293.14
140.094,-101.387,105.391,140.094,99.7878,293.68
140.337,-101.56,105.571,140.337,99.9578,294.22
140.58,-101.733,105.751,140.58,100.128,294.76
140.822,-101.906,105.931,140.822,100.298,295.3
141.065,-102.079,106.111,141.065,100.468,295.84
141.308,-102.252,106.291,141.308,100.638,296.38
141.55,-102.424,106.471,141.55,100.808,296.92
141.793,-102.597,106.651,141.793,100.978,297.46
142.036,-102.77,106.831,142.036,101.148,298
142.279,-102.943,107.011,142.279,101.318,298.54
142.521,-103.116,107.191,142.521,101.488,299.08
142.764,-103.289,107.371,142.764,101.658,299.62
143.007,-103.462,107.551,143.007,101.828,300.16
143.249,-103.634,107.731,143.249,101.998,300.7
143.492,-103.807,107.911,143.492,102.168,301.24
143.735,-103.98,108.091,143.735,102.338,301.78
143.977,-104.153,108.271,143.977,102.508,302.32
144.22,-104.326,108.451,144.22,102.678,302.86
144.463,-104.499,108.631,144.463,102.848,303.4
144.706,-104.671,108.811,144.706,103.018,303.94
144.948,-104.844,108.991,144.948,103.188,304.48
145.191,-105.017,109.171,145.191,103.358,305.02
145.434,-105.19,109.351,145.434,103.528,305.56
145.676,-105.363,109.531,145.676,103.698,306.1
145.919,-105.536,109.711,145.919,103.868,306.64
146.162,-105.708,109.891,146.162,104.038,307.18
146.404,-105.881,110.071,146.404,104.208,307.72
146.647,-106.054,110.251,146.647,104.378,308.26
146.89,-106.227,110.431,146.89,104.548,308.8
147.133,-106.4,110.611,147.133,104.717,309.34
147.375,-106.573,110.791,147.375,104.887,309.88
147.618,-106.745,110.971,147.618,105.057,310.42
147.861,-106.918,111.151,147.861,105.227,310.96
148.103,-107.091,111.331,148.103,105.397,311.5
148.346,-107.264,111.511,148.346,105.567,312.039
148.589,-107.437,111.691,148.589,105.737,312.578
148.831,-107.61,111.871,148.831,105.907,313.117
149.074,-107.782,112.051,149.074,106.077,313.655
149.317,-107.955,112.23,149.317,106.247,314.193
149.559,-108.128,112.41,149.559,106.417,314.73
149.802,-108.301,112.59,149.802,106.587,315.267
150.045,-108.474,112.77,150.045,106.757,315.803
150.288,-108.647,112.95,150.288,106.927,316.338
150.53,-108.819,113.13,150.53,107.097,316.872
150.773,-108.992,113.31,150.773,107.267,317.406
151.016,-109.165,113.49,151.016,107.437,317.938
151.258,-109.338,113.67,151.258,107.607,318.469
151.501,-109.511,113.85,151.501,107.777,319
151.744,-109.684,114.03,151.744,107.947,319.529
151.986,-109.856,114.21,151.986,108.117,320.056
152.229,-110.029,114.39,152.229,108.287,320.583
152.472,-110.202,114.57,152.472,108.457,321.108
152.715,-110.375,114.75,152.715,108.627,321.632
152.957,-110.548,114.93,152.957,108.797,322.154
153.2,-110.721,115.11,153.2,108.967,322.674
153.443,-110.894,115.29,153.443,109.137,323.193
153.685,-111.066,115.47,153.685,109.307,323.71
153.928,-111.239,115.65,153.928,109.477,324.226
154.171,-111.412,115.83,154.171,109.647,324.739
154.413,-111.585,116.01,154.413,109.817,325.251
154.656,-111.758,116.19,154.656,109.987,325.76
154.899,-111.931,116.37,154.899,110.157,326.268
155.141,-112.103,116.55,155.141,110.327,326.773
155.384,-112.276,116.73,155.384,110.497,327.276
155.627,-112.449,116.91,155.627,110.667,327.777
155.87,-112.622,117.09,155.87,110.837,328.276
156.112,-112.795,117.27,156.112,111.007,328.772
156.355,-112.968,117.45,156.355,111.177,329.266
156.598,-113.14,117.63,156.598,111.347,329.757
156.84,-113.313,117.81,156.84,111.517,330.246
157.083,-113.486,117.99,157.083,111.687,330.732
157.326,-113.659,118.17,157.326,111.857,331.215
157.568,-113.832,118.35,157.568,112.027,331.695
157.811,-114.005,118.53,157.811,112.197,332.173
158.054,-114.177,118.71,158.054,112.367,332.647
158.297,-114.35,118.89,158.297,112.537,333.119
158.539,-114.523,119.07,158.539,112.707,333.588
158.782,-114.696,119.25,158.782,112.877,334.053
159.025,-114.869,119.43,159.025,113.047,334.515
159.267,-115.042,119.61,159.267,113.217,334.974
159.51,-115.214,119.79,159.51,113.387,335.43
159.753,-115.387,119.97,159.753,113.557,335.882
159.995,-115.56,120.15,159.995,113.727,336.33
160.238,-115.733,120.33,160.238,113.897,336.775
160.481,-115.906,120.51,160.481,114.067,337.217
160.724,-116.079,120.69,160.724,114.237,337.655
160.966,-116.251,120.87,160.966,114.407,338.089
161.209,-116.424,121.05,161.209,114.577,338.519
161.452,-116.597,121.229,161.452,114.747,338.946
161.694,-116.77,121.409,161.694,114.917,339.368
161.937,-116.943,121.589,161.937,115.087,339.786
162.18,-117.116,121.769,162.18,115.257,340.201
162.422,-117.288,121.949,162.422,115.427,340.611
162.665,-117.461,122.129,162.665,115.597,341.017
162.908,-117.634,122.309,162.908,115.767,341.419
163.15,-117.807,122.489,163.15,115.937,341.816
163.393,-117.98,122.669,163.393,116.107,342.209
163.636,-118.153,122.849,163.636,116.277,342.597
163.878,-118.325,123.029,163.878,116.447,342.981
164.121,-118.498,123.209,164.121,116.617,343.361
164.363,-118.671,123.389,164.363,116.787,343.736
164.605,-118.844,123.569,164.605,116.957,344.106
164.847,-119.017,123.749,164.847,117.127,344.472
165.089,-119.19,123.929,165.089,117.297,344.833
165.329,-119.363,124.109,165.329,117.467,345.19
165.57,-119.535,124.289,165.57,117.637,345.543
165.81,-119.708,124.469,165.81,117.807,345.891
166.049,-119.881,124.649,166.049,117.977,346.234
166.287,-120.054,124.829,166.287,118.147,346.573
166.525,-120.227,125.009,166.525,118.317,346.907
166.761,-120.4,125.189,166.761,118.487,347.237
166.997,-120.572,125.369,166.997,118.657,347.563
167.232,-120.745,125.549,167.232,118.827,347.884
167.466,-120.918,125.729,167.466,118.997,348.2
167.698,-121.091,125.909,167.698,119.167,348.512
167.93,-121.264,126.089,167.93,119.337,348.819
168.16,-121.437,126.269,168.16,119.507,349.122
168.389,-121.609,126.448,168.389,119.676,349.421
168.616,-121.782,126.627,168.616,119.846,349.715
168.842,-121.954,126.806,168.842,120.016,350.004
169.067,-122.126,126.985,169.067,120.186,350.289
169.289,-122.298,127.163,169.289,120.355,350.569
169.511,-122.47,127.34,169.511,120.524,350.845
169.73,-122.641,127.517,169.73,120.692,351.117
169.948,-122.811,127.693,169.948,120.86,351.384
170.163,-122.981,127.869,170.163,121.028,351.646
170.377,-123.15,128.043,170.377,121.194,351.904
170.589,-123.318,128.217,170.589,121.361,352.157
170.798,-123.486,128.39,170.798,121.526,352.406
171.006,-123.652,128.562,171.006,121.69,352.651
171.211,-123.818,128.732,171.211,121.854,352.891
171.414,-123.983,128.902,171.414,122.017,353.126
171.615,-124.146,129.07,171.615,122.178,353.357
171.813,-124.309,129.237,171.813,122.339,353.583
172.009,-124.47,129.403,172.009,122.498,353.805
172.202,-124.63,129.567,172.202,122.656,354.023
172.393,-124.788,129.729,172.393,122.813,354.236
172.581,-124.945,129.891,172.581,122.969,354.444
172.766,-125.101,130.05,172.766,123.123,354.648
172.949,-125.255,130.208,172.949,123.275,354.847
173.128,-125.408,130.364,173.128,123.426,355.042
173.305,-125.558,130.518,173.305,123.576,355.233
173.478,-125.708,130.67,173.478,123.723,355.419
173.648,-125.855,130.821,173.648,123.869,355.6
173.816,-126,130.969,173.816,124.013,355.777
173.98,-126.143,131.115,173.98,124.156,355.949
174.14,-126.285,131.259,174.14,124.296,356.117
174.298,-126.424,131.401,174.298,124.434,356.281
174.452,-126.561,131.541,174.452,124.57,356.44
174.602,-126.696,131.678,174.602,124.704,356.594
174.749,-126.828,131.813,174.749,124.835,356.744
174.892,-126.959,131.945,174.892,124.965,356.889
175.032,-127.086,132.074,175.032,125.092,357.03
175.168,-127.212,132.201,175.168,125.216,357.167
175.3,-127.334,132.326,175.3,125.338,357.3
175.428,-127.454,132.447,175.428,125.457,357.428
175.552,-127.572,132.566,175.552,125.574,357.552
175.672,-127.686,132.682,175.672,125.688,357.672
175.788,-127.798,132.794,175.788,125.799,357.788
175.9,-127.907,132.904,175.9,125.908,357.9
176.009,-128.012,133.011,176.009,126.013,358.009
176.113,-128.115,133.114,176.113,126.116,358.113
176.214,-128.215,133.214,176.214,126.215,358.214
176.311,-128.311,133.311,176.311,126.312,358.311
176.405,-128.405,133.405,176.405,126.405,358.405
176.495,-128.495,133.495,176.495,126.495,358.495
176.581,-128.581,133.581,176.581,126.581,358.581
176.664,-128.664,133.664,176.664,126.664,358.664
176.744,-128.744,133.744,176.744,126.744,358.744
176.821,-128.821,133.821,176.821,126.821,358.821
176.894,-128.894,133.894,176.894,126.894,358.894
176.965,-128.965,133.965,176.965,126.965,358.965
177.032,-129.032,134.032,177.032,127.032,359.032
177.096,-129.096,134.096,177.096,127.096,359.096
177.158,-129.158,134.158,177.158,127.158,359.158
177.216,-129.216,134.216,177.216,127.216,359.216
177.272,-129.272,134.272,177.272,127.272,359.272
177.325,-129.325,134.325,177.325,127.325,359.325
177.375,-129.375,134.375,177.375,127.375,359.375
177.423,-129.423,134.423,177.423,127.423,359.423
177.469,-129.469,134.469,177.469,127.469,359.469
177.512,-129.512,134.512,177.512,127.512,359.512
177.552,-129.552,134.552,177.552,127.552,359.552
177.59,-129.59,134.59,177.59,127.59,359.59
177.626,-129.626,134.626,177.626,127.626,359.626
177.66,-129.66,134.66,177.66,127.66,359.66
177.692,-129.692,134.692,177.692,127.692,359.692
177.721,-129.721,134.721,177.721,127.721,359.721
177.749,-129.749,134.749,177.749,127.749,359.749
177.775,-129.775,134.775,177.775,127.775,359.775
177.799,-129.799,134.799,177.799,127.799,359.799
177.821,-129.821,134.821,177.821,127.821,359.821
177.842,-129.842,134.842,177.842,127.842,359.842
177.86,-129.86,134.86,177.86,127.86,359.86
177.878,-129.878,134.878,177.878,127.878,359.878
177.894,-129.894,134.894,177.894,127.894,359.894
177.908,-129.908,134.908,177.908,127.908,359.908
177.921,-129.921,134.921,177.921,127.921,359.921
177.933,-129.933,134.933,177.933,127.933,359.933
177.943,-129.943,134.943,177.943,127.943,359.943
177.953,-129.953,134.953,177.953,127.953,359.953
177.961,-129.961,134.961,177.961,127.961,359.961
177.968,-129.968,134.968,177.968,127.968,359.968
177.974,-129.974,134.974,177.974,127.974,359.974
177.98,-129.98,134.98,177.98,127.98,359.98
177.984,-129.984,134.984,177.984,127.984,359.984
177.988,-129.988,134.988,177.988,127.988,359.988
177.991,-129.991,134.991,177.991,127.991,359.991
177.994,-129.994,134.994,177.994,127.994,359.994
177.996,-129.996,134.996,177.996,127.996,359.996
177.997,-129.997,134.997,177.997,127.997,359.997
177.998,-129.998,134.998,177.998,127.998,359.998
177.999,-129.999,134.999,177.999,127.999,359.999
178,-130,135,178,128,360
178,-130,135,178,128,360
178,-130,135,178,128,360
178,-130,135,178,128,360
178,-130,135,178,128,360
